-3.3659682238925320e-02
3.3292816230528481e-02
-2.2561171090169432e-03
-1.8958800554743339e-02
1.0535801267117617e-02
4.4125798025590433e-03
-5.0058856405594578e-03
4.3127276687061952e-03
-1.0406439163961473e-03
-3.8818813590463987e-03
2.4469383913547915e-03
3.9786818833108771e-04
-7.9410895722749168e-04
1.2786000060619352e-03
-5.2819691123344274e-04
-6.7604473041718268e-04
-3.3304072651033773e-02
3.2873426190477027e-02
-2.3187080803244676e-03
-1.8465549979109236e-02
1.0197744115593091e-02
4.0712369201155469e-03
-4.6727726243874813e-03
4.2493070224778389e-03
-1.1108229454567208e-03
-3.6464545063657292e-03
2.3134033162028637e-03
2.8386923648767229e-04
-6.8869829074047744e-04
1.2215746060993365e-03
-5.1482040044764990e-04
-6.0280640547605204e-04
-3.2242888397065315e-02
3.1661633925438991e-02
-2.5040543248524582e-03
-1.7051995776412511e-02
9.2367466972659955e-03
3.1425454684962661e-03
-3.7612190670754811e-03
4.0315735970128377e-03
-1.2647521588129047e-03
-2.9921838721810147e-03
1.9330290409091827e-03
1.6442454655662080e-06
-4.2042064015538976e-04
1.0499254735590587e-03
-4.6554805076469137e-04
-4.1383109858733022e-04
-3.0498529690482352e-02
2.9779070768011218e-02
-2.7955268116717749e-03
-1.4894232734354577e-02
7.7983814628362087e-03
1.8703315149369325e-03
-2.5051861837714208e-03
3.6055780515210534e-03
-1.3691025148051125e-03
-2.0674212579232898e-03
1.3740960930162978e-03
-3.0385862369160244e-04
-1.0750455198471672e-04
7.7665225878479781e-04
-3.6741870344435918e-04
-1.8613371941263545e-04
-2.8122650575210718e-02
2.7384229178233688e-02
-3.1430283481232325e-03
-1.2229522230940029e-02
6.0822187063899018e-03
5.4936081348280579e-04
-1.2056196629513835e-03
2.9516251089334333e-03
-1.3005210073122717e-03
-1.0862171479743305e-03
7.5732972008854256e-04
-4.8618109840331710e-04
1.2544964646724405e-04
4.5130182228653149e-04
-2.2959807349340279e-04
-3.7118938832296890e-06
-2.5206580731876205e-02
2.4639198054291586e-02
-3.4556222195977230e-03
-9.3152436559375221e-03
4.2938472056444259e-03
-5.6764289017397363e-04
-1.3096973568109033e-04
2.1259728717556480e-03
-1.0264901560012745e-03
-2.6544338323839677e-04
2.2660480684986563e-04
-4.7955110589053559e-04
2.1276675711184685e-04
1.5437871990351608e-04
-8.9327109131225629e-05
8.5037477985755420e-05
-2.1882429698828126e-02
2.1692647799303452e-02
-3.6234256253612845e-03
-6.4064097437686370e-03
2.6103570474090717e-03
-1.3202527116709308e-03
5.5983538874167064e-04
1.2526933687758116e-03
-6.2446151256602834e-04
2.5388767589247567e-04
-1.1187941015217883e-04
-3.2538612694878730e-04
1.7243402270656168e-04
-4.2420604352398181e-05
1.0577600696072044e-05
8.6014042010132779e-05
-1.8315109325141340e-02
1.8672943291319848e-02
-3.5606641054934099e-03
-3.7358342018052365e-03
1.1688182782542964e-03
-1.6519680539611730e-03
8.4350069188188789e-04
4.7682699724411738e-04
-2.2699144572692462e-04
4.5393920563620836e-04
-2.3789830606000471e-04
-1.2773626388416768e-04
7.6919987301304676e-05
-1.1670830595089893e-04
5.0748598723935430e-05
4.3187483279523623e-05
-1.4689641560817509e-02
1.5685825424568034e-02
-3.2403122819423926e-03
-1.4859935975409704e-03
6.4275148067956324e-05
-1.6024687569389767e-03
8.0817118241547433e-04
-9.1053383722926762e-05
5.9002092314163517e-05
4.2098675909748033e-04
-2.1191968560248510e-04
2.1098139582697733e-05
-2.8321249665351085e-06
-1.0130348720331777e-04
4.4561049005210523e-05
2.6006366727407076e-06
-1.1194829147318640e-02
1.2817074708244626e-02
-2.6992084482314752e-03
2.3597417939512255e-04
-6.5928749748320865e-04
-1.2862063560925574e-03
5.9590786973483907e-04
-4.1110102914591461e-04
1.9738366057716562e-04
2.7996409517348173e-04
-1.2464992588671745e-04
8.6191770617192320e-05
-3.6680852028574519e-05
-5.2818151751018891e-05
2.1576779993728824e-05
-1.4852747090241064e-05
-8.0019106950880801e-03
1.0137375282147714e-02
-2.0190726166232726e-03
1.4046350610623301e-03
-1.0213818125645239e-03
-8.5181613100995194e-04
3.4057627513947266e-04
-5.1354876728532204e-04
2.1553552611338147e-04
1.3273116021991126e-04
-4.5108528819910424e-05
8.5604441533499665e-05
-3.4444923449617403e-05
-1.3158191118438294e-05
3.7725801264313738e-06
-1.3708917278653070e-05
-5.2418789941513066e-03
7.7034968023784352e-03
-1.3002561851015156e-03
2.0649707584965344e-03
-1.0989594661156047e-03
-4.3046506132539858e-04
1.3010891798525387e-04
-4.6981240957163492e-04
1.6846324073581956e-04
3.0516675664900501e-05
2.7650254675387409e-07
5.6900501644569892e-05
-1.9516979751549101e-05
5.2382560312578400e-06
-3.3187391409036861e-06
-6.7752330219615986e-06
-2.9900900836178296e-03
5.5557241629926885e-03
-6.3594656621576836e-04
2.3123382601657754e-03
-9.9562673734285398e-04
-1.0160602102414455e-04
-1.5416029623106359e-06
-3.5814984890179423e-04
1.0487744979052586e-04
-1.9724832628702293e-05
1.6237308377132736e-05
2.7772425678718129e-05
-7.1349351026406887e-06
8.9521413651001644e-06
-3.9478184915598151e-06
-1.8212493794762317e-06
-1.2632525397349038e-03
3.7156463982378971e-03
-9.1187237871835408e-05
2.2668195618568043e-03
-8.0785316317468804e-04
1.0958663394436488e-04
-6.1252092802513642e-05
-2.3764896072245214e-04
5.2044463776480841e-05
-3.3431076599814334e-05
1.6696823340356597e-05
8.3857977267736238e-06
-5.7780309169222591e-07
7.2527398088115063e-06
-2.8683496511261613e-06
2.0149761963175321e-07
-2.7787031901640502e-05
2.1859743312928137e-03
3.0584504700778147e-04
2.0465250590623865e-03
-6.0560042801320482e-04
2.1555386399849103e-04
-7.3611173053014285e-05
-1.3872729067471935e-04
1.7649569073133397e-05
-2.9220410985742666e-05
1.1969696598515809e-05
-1.6256127280481688e-06
2.0288066826833678e-06
4.7064044975776028e-06
-1.7885721460369998e-06
7.2301118925331996e-07
7.8446885075509449e-04
9.5240907090157604e-04
5.5915732287018102e-04
1.7481474429774982e-03
-4.2813497697983524e-04
2.4570717583243462e-04
-6.2429716601866112e-05
-6.9220803826947920e-05
-1.0793426705017908e-06
-1.9636166264636044e-05
6.9676090927786922e-06
-5.4322930794480513e-06
2.4361940334862879e-06
2.6080670999257501e-06
-9.2685547783442966e-07
5.8151833225962774e-07
1.2584475015714669e-03
-1.2574245575028535e-05
6.9294141657265276e-04
1.4386691513472046e-03
-2.9010592449158591e-04
2.3041887051681331e-04
-4.3460170469041600e-05
-2.5572596894045609e-05
-9.4065835525566365e-06
-1.0633505361662571e-05
3.4719336550111880e-06
-5.8450390878091434e-06
1.8022658445567843e-06
1.3783833059364052e-06
-4.1960228637608369e-07
2.1772321377580751e-07
1.4805227497150684e-03
-7.4480762964423660e-04
7.3890591688661003e-04
1.1565929582563065e-03
-1.9146184509364055e-04
1.9311912563141673e-04
-2.4964103718311317e-05
-1.0247783589080938e-06
-1.1821427423469198e-05
-4.3084174673390529e-06
1.7071877502456507e-06
-4.9421513174491792e-06
1.0604560339861813e-06
8.8326492269069279e-07
-2.0294231197025682e-07
-1.5470102654468760e-08
1.5280742945175453e-03
-1.2834528322221545e-03
7.2708466392513960e-04
9.1867842215352159e-04
-1.2576039152204578e-04
1.4911307643765911e-04
-1.0498369591081474e-05
1.0906530129012586e-05
-1.1514096338669910e-05
-7.5106169084822816e-07
1.0389221691748019e-06
-3.8952106446969460e-06
5.7884316445663689e-07
6.5560727947012526e-07
-8.1202377646218170e-08
-6.7010867007466686e-08
1.4642196655630501e-03
-1.6668267523524930e-03
6.8139752390563072e-04
7.2805862124791462e-04
-8.4773867449004835e-05
1.0732110705774891e-04
-8.3129392773292118e-07
1.5449699345928811e-05
-1.0255008596943838e-05
8.6275886386507643e-07
8.0446140351772300e-07
-2.9759916517020356e-06
2.7293577428819018e-07
4.4977734078442523e-07
9.5114577380926799e-09
-5.1979901445152585e-08
1.3367002652590737e-03
-1.9295313947374137e-03
6.1896877453559160e-04
5.8082185292636791e-04
-6.0518025245852276e-05
7.2005653960239069e-05
4.7558909719661046e-06
1.6166585778241025e-05
-8.7234473999878232e-06
1.3169384185539255e-06
7.5260885341392979e-07
-2.1415247991886355e-06
5.4416997502815267e-08
2.8469082905909800e-07
4.7409316923462510e-08
-2.9981795024032715e-08
1.1793881815068720e-03
-2.1010322029651222e-03
5.5114933561167204e-04
4.7009700291592916e-04
-4.6465151101327878e-05
4.4121495527943101e-05
7.3464532402784016e-06
1.5158556555452750e-05
-7.2042237841902964e-06
1.0499016376400069e-06
8.1563177769730107e-07
-1.4322036242766088e-06
-6.5541856780053657e-08
1.8468944958506626e-07
3.8938679336545648e-08
-3.0845749856458333e-09
1.0149007689495182e-03
-2.2054059678997934e-03
4.8477072146235788e-04
3.8831985933846034e-04
-3.8141441275909469e-05
2.2831934035300735e-05
7.9494810752918849e-06
1.3664872469798668e-05
-5.9178201270735777e-06
3.8888827277014905e-07
8.9792470723807667e-07
-9.0007256764818114e-07
-9.7647887573962537e-08
1.1571961753308518e-07
1.6482167166146332e-08
2.0978569859174281e-08
8.5730229953607086e-04
-2.2617342726121109e-03
4.2333604858227504e-04
3.2855044018034963e-04
-3.2845059679179474e-05
6.7815094792475797e-06
7.5085251144113078e-06
1.2325914507799574e-05
-4.9405152477615270e-06
-3.2648195672075129e-07
9.2098795401192567e-07
-5.2378805886054021e-07
-8.9339215398553343e-08
6.3416706958228399e-08
-5.6655611977319154e-09
2.7335105509223830e-08
7.1447359956901149e-04
-2.2847390132248405e-03
3.6818770127437729e-04
2.8511508181133446e-04
-2.9042617893517026e-05
-5.3437505636675982e-06
6.7476433441405356e-06
1.1242875235642952e-05
-4.1623850659227362e-06
-8.6880215264989177e-07
8.6464512300679706e-07
-2.5447688497234243e-07
-6.4329159575848534e-08
3.3626396184374105e-08
-2.6588400222509780e-08
2.0203615655331941e-08
5.9005211134174917e-04
-2.2854969963232515e-03
3.1946851690277687e-04
2.5369499779294620e-04
-2.5978061398208154e-05
-1.4646409651405478e-05
5.9838677098350721e-06
1.0254194245273204e-05
-3.4338015133075669e-06
-1.2133635747391903e-06
7.4406628282734926e-07
-4.7059538410817244e-08
-3.4000388988490141e-08
1.4809618366946745e-08
-3.7515799282747527e-08
8.8030229012845372e-09
4.8492328208560911e-04
-2.2721529246281340e-03
2.7675577765965938e-04
2.3114111297289501e-04
-2.3385659790522890e-05
-2.1882440146878066e-05
5.2311555249287251e-06
9.2643516473252973e-06
-2.7104271706836111e-06
-1.4478424512766823e-06
6.0201476287700891e-07
1.2790314676330909e-07
-1.9138211992775309e-08
3.3673291296851997e-09
-3.6041788141575335e-08
-8.1399758413330846e-09
3.9829981097461923e-04
-2.2505616640033934e-03
2.3945599260148285e-04
2.1522089140866475e-04
-2.1157086532367657e-05
-2.7449921413012310e-05
4.4516077914262734e-06
8.3192711591739867e-06
-2.0443710481441035e-06
-1.6308329281776013e-06
4.8001491284496147e-07
2.5841291399867098e-07
-1.7552154877616263e-08
1.0386573204001359e-08
-3.0621618524650975e-08
-2.5879162041155261e-08
3.2847429065707148e-04
-2.2248297720998522e-03
2.0703988471337933e-04
2.0432866837053596e-04
-1.9130324244261647e-05
-3.1579514890877700e-05
3.6713249338278837e-06
7.4956602645327032e-06
-1.4866673257838913e-06
-1.7474702597477526e-06
3.7103733850078118e-07
3.2193539520133127e-07
-1.2616959111063698e-08
2.4319104273043374e-08
-2.1606558937454774e-08
-3.5459826177875733e-08
2.7332621558984844e-04
-2.1977689185475198e-03
1.7909895770412045e-04
1.9719643912934521e-04
-1.7119263948345348e-05
-3.4523229783113464e-05
2.9520167906422627e-06
6.8198285276477974e-06
-1.0246698155017044e-06
-1.7663740374927444e-06
2.5204762537789501e-07
3.4114286909891860e-07
-1.0692728875857102e-08
2.7724391985091515e-08
-6.9384287933454015e-09
-3.8726650625984507e-08
2.3063071213205331e-04
-2.1712634113355191e-03
1.5525353422277151e-04
1.9271326722490316e-04
-1.5028647830427844e-05
-3.6568807241119333e-05
2.3374041483756151e-06
6.2606351413800596e-06
-6.1794642569590173e-07
-1.7064930340941164e-06
1.4035356684209970e-07
3.4870760123668269e-07
-2.0069424082371488e-08
2.7038609056701755e-08
7.8445529257239934e-09
-3.8965220113513859e-08
1.9821616541642120e-04
-2.1465397944988732e-03
1.3503916259641343e-04
1.8990538926485885e-04
-1.2873897729219244e-05
-3.7948426432747956e-05
1.8188432424358097e-06
5.7689706864887210e-06
-2.6540137150582693e-07
-1.6111476310618014e-06
5.6117332545176622e-08
3.3841332164150924e-07
-3.0433268489843109e-08
2.8194380343930472e-08
1.9122404991078431e-08
-3.4285047974854776e-08
1.7403199566004836e-04
-2.1243381886994900e-03
1.1788348049860404e-04
1.8800847563527081e-04
-1.0698296820695028e-05
-3.8789880546117240e-05
1.3590909433163898e-06
5.3309442521352899e-06
1.7739530865510853e-08
-1.4877183204672794e-06
-1.3550920273527282e-08
3.0509683671459576e-07
-3.6582529246361481e-08
2.4159383240358580e-08
2.7993807270979042e-08
-2.5308804349415234e-08
1.5618651968863579e-04
-2.1050161331961931e-03
1.0318162898760613e-04
1.8651862790142266e-04
-8.4932235022827669e-06
-3.9172578554945323e-05
9.4488703802630698e-07
4.9554645974411217e-06
2.4690597515721047e-07
-1.3352617820982243e-06
-7.4478981444818266e-08
2.6657494022480367e-07
-4.3005549483316960e-08
1.4688158100090995e-08
3.3989329175282195e-08
-1.5104831022693201e-08
1.4298528391728829e-04
-2.0886238650444904e-03
9.0394038861344334e-05
1.8515992037920211e-04
-6.2272551523607755e-06
-3.9216235806871464e-05
5.7412892843867333e-07
4.6379194835593345e-06
4.3438985239759351e-07
-1.1761661063039052e-06
-1.1699805771873620e-07
2.2773499294153243e-07
-4.8290790330620542e-08
5.1821005158500977e-09
3.5940332274376130e-08
-4.7194708961378179e-09
1.3296853973818049e-04
-2.0749798541587678e-03
7.9086262730021408e-05
1.8380543809185979e-04
-3.9326367789454248e-06
-3.9062736575446063e-05
2.4341626887739421e-07
4.3785035998186206e-06
5.7205962168672514e-07
-1.0208473041778931e-06
-1.4458653844009496e-07
1.8372370553855916e-07
-4.9152165366311579e-08
-4.9485269603233935e-09
3.4706009551080429e-08
5.6124872261159521e-09
1.2493088665659546e-04
-2.0637430000209700e-03
6.8925609522256948e-05
1.8242271025822686e-04
-1.6950971346113292e-06
-3.8791746697646092e-05
-3.0895482649008835e-08
4.1677199608578423e-06
6.6435051485706754e-07
-8.6098233056917179e-07
-1.6363891211790542e-07
1.3950373203160501e-07
-4.7691709878856694e-08
-1.5954601009641241e-08
3.1243253935088694e-08
1.4414883730706643e-08
1.1792541643619410e-04
-2.0544730602811132e-03
5.9683203783011134e-05
1.8103580825934388e-04
4.1971268570997258e-07
-3.8414398286160043e-05
-2.5248489089903288e-07
3.9662137836102753e-06
7.3029312936861220e-07
-6.9925517246376646e-07
-1.7438228039929352e-07
9.8377971956723300e-08
-4.3681197429985667e-08
-2.5598510839251374e-08
2.5610138704276926e-08
2.1466936919494123e-08
1.1125955527036090e-04
-2.0466831415499537e-03
5.1226059559122039e-05
1.7967464206790237e-04
2.3898884972804135e-06
-3.7917500088557929e-05
-4.6124583154665881e-07
3.7627877664483905e-06
7.7753929027110706e-07
-5.5066800289236896e-07
-1.7815699079657381e-07
6.2110412908844201e-08
-3.7664195300470861e-08
-3.4609915799905860e-08
1.9101342828647624e-08
2.6652237900207511e-08
1.0448027912384450e-04
-2.0398898161194381e-03
4.3477171210167772e-05
1.7833653792213215e-04
4.2343089652533269e-06
-3.7293409963236234e-05
-6.6805558005596328e-07
3.5828125812768727e-06
8.0009905491267496e-07
-4.1999832957821558e-07
-1.7384021542595488e-07
2.9999139896370159e-08
-3.0721109396267211e-08
-4.1180500640796217e-08
1.1874184579566409e-08
2.9604094093137548e-08
9.7344692937282188e-05
-2.0336523693874741e-03
3.6367204158128336e-05
1.7698108694137512e-04
5.9872386499366388e-06
-3.6572390187314128e-05
-8.5523547624317408e-07
3.4286700260403969e-06
8.0026722947578371e-07
-2.9811640596427910e-07
-1.6624162167037606e-07
-3.0911458982085414e-10
-2.1906202963768490e-08
-4.6059087405364346e-08
4.6392063973753946e-09
3.0980271363185183e-08
8.9781012320759416e-05
-2.0275994353764668e-03
2.9794168101378100e-05
1.7555877842696273e-04
7.6493948834501482e-06
-3.5804470224896603e-05
-1.0210436511344098e-06
3.2846394758456235e-06
7.9096118013935040e-07
-1.8615140313127572e-07
-1.5673916431660387e-07
-2.4369717428335540e-08
-1.3336432249858162e-08
-4.9510798634203751e-08
-2.0978941531559804e-09
3.0580246902451658e-08
8.1844596091920776e-05
-2.0214377677878668e-03
2.3627051168993670e-05
1.7406668037390146e-04
9.2013363481361314e-06
-3.5010679913072951e-05
-1.1759754599769139e-06
3.1465541661639187e-06
7.7140089576586718e-07
-9.0073657527025425e-08
-1.4341318198200472e-07
-4.4899621140651925e-08
-4.5478619799396106e-09
-5.0628823460083775e-08
-8.2928324219704594e-09
2.8925935472210286e-08
7.3684806462838345e-05
-2.0149502782102519e-03
1.7764411555959086e-05
1.7257004442733991e-04
1.0645330235344096e-05
-3.4196478283359799e-05
-1.3211199878702117e-06
3.0192237338394150e-06
7.4306668029818098e-07
-4.3257168401548385e-09
-1.3014434299197294e-07
-6.2129047971182379e-08
4.0206237429904501e-09
-5.0608985018698119e-08
-1.3561338370508629e-08
2.6278544396176110e-08
6.5525512880060043e-05
-2.0079994169992744e-03
1.2179819529759173e-05
1.7115367935999231e-04
1.1984971426174582e-05
-3.3385382417449466e-05
-1.4535519987641360e-06
2.9003639294607920e-06
7.1083478832587943e-07
6.9281394147648401e-08
-1.1563853656830768e-07
-7.5232506559119359e-08
1.1790370957047327e-08
-4.9049022916486292e-08
-1.7933168485189267e-08
2.2890511330441333e-08
5.7642831213997271e-05
-2.0005434626447390e-03
6.8974418623080632e-06
1.6986562866661966e-04
1.3203054278739540e-05
-3.2585687572320443e-05
-1.5729984822715285e-06
2.7870041392209405e-06
6.7377069773566348e-07
1.3304901129683703e-07
-1.0129707894807548e-07
-8.6117719731869835e-08
1.8996253971258811e-08
-4.6467273678927056e-08
-2.1368302611124868e-08
1.9079912459429328e-08
5.0324512666638113e-05
-1.9926436200925933e-03
1.9493847654329728e-06
1.6871122772749473e-04
1.4304893161250782e-05
-3.1783196025624752e-05
-1.6835081611396905e-06
2.6742683557580814e-06
6.3686653207807180e-07
1.8809111940419186e-07
-8.7493492868586666e-08
-9.3851542062917440e-08
2.5225482750920215e-08
-4.3101235198896877e-08
-2.3892596928183499e-08
1.5046767302106785e-08
4.3824052565193896e-05
-1.9844541745873160e-03
-2.6502046298826746e-06
1.6766814515178306e-04
1.5315179002105671e-05
-3.0984204570022509e-05
-1.7901097046536677e-06
2.5689364356510852e-06
5.9886881528858281e-07
2.3306703179395012e-07
-7.4010094929903298e-08
-9.9601715255963450e-08
3.0603311678208285e-08
-3.9107100719356388e-08
-2.5618741521276278e-08
1.0976086146616585e-08
3.8317437867109263e-05
-1.9761959414529291e-03
-6.9145997819423214e-06
1.6671622797757640e-04
1.6241565028481796e-05
-3.0211730618720284e-05
-1.8845755042711486e-06
2.4714036740609679e-06
5.6084614135179669e-07
2.7173109869223791e-07
-6.1532098991229649e-08
-1.0353992419925129e-07
3.5088331836056260e-08
-3.4777149750240036e-08
-2.6618259731147134e-08
7.0287216545527535e-09
3.3875537332911608e-05
-1.9681171109784757e-03
-1.0860074013671037e-05
1.6586254172811790e-04
1.7076019864450664e-05
-2.9472868933254307e-05
-1.9709786388946769e-06
2.3762076010579228e-06
5.2474749992791937e-07
3.0355096891686738e-07
-4.9959218043474417e-08
-1.0592346989935208e-07
3.8729887112977086e-08
-3.0263517515640684e-08
-2.7029155752578506e-08
3.2844971047072693e-09
3.0460515931206967e-05
-1.9604520342630799e-03
-1.4469438936252291e-05
1.6511949639068613e-04
1.7824699143489797e-05
-2.8764683328800934e-05
-2.0499795387412978e-06
2.2874412669223662e-06
4.8996348621708721e-07
3.2967617192728726e-07
-3.9346085325163221e-08
-1.0713780505458960e-07
4.1598790273876887e-08
-2.5725457950315000e-08
-2.6944866366059288e-08
-1.6080687644101296e-10
2.7941287935843919e-05
-1.9533956657188196e-03
-1.7718231113636518e-05
1.6445858957308429e-04
1.8493991942544506e-05
-2.8091817105740890e-05
-2.1208946331853874e-06
2.2029928761905463e-06
4.5754884463305718e-07
3.5113483556556407e-07
-2.9816587672903559e-08
-1.0744695577025046e-07
4.3788292833149014e-08
-2.1296047775516122e-08
-2.6496425036470414e-08
-3.2913571960664460e-09
2.6108103434977890e-05
-1.9470770575548721e-03
-2.0623058126472679e-05
1.6383842558023704e-04
1.9093182595053808e-05
-2.7455652564368082e-05
-2.1855240739173638e-06
2.1244790913478868e-06
4.2748987144410354e-07
3.6833600086300849e-07
-2.1251203759635484e-08
-1.0702311985696494e-07
4.5379853723247654e-08
-1.7065178655631359e-08
-2.5765160672466727e-08
-6.0621835677902923e-09
2.4710279046676972e-05
-1.9415298048761555e-03
-2.3220170530040722e-05
1.6324809681136969e-04
1.9627824203895810e-05
-2.6867435351792599e-05
-2.2426792212521452e-06
2.0520631448446675e-06
3.9997158862066111e-07
3.8216804092122755e-07
-1.3711117817037774e-08
-1.0615521645041242e-07
4.6483862215417006e-08
-1.3109263854604750e-08
-2.4861561523674067e-08
-8.4985930546982989e-09
2.3522617037135704e-05
-1.9366893053217376e-03
-2.5528444131384017e-05
1.6269452157742530e-04
2.0096406907652184e-05
-2.6327033238603141e-05
-2.2932351638550367e-06
1.9852977241444090e-06
3.7515604588753121e-07
3.9312410727954457e-07
-7.0804039135433116e-09
-1.0491883936692185e-07
4.7180991852664364e-08
-9.4794905578402346e-09
-2.3845129971155677e-08
-1.0584882859526214e-08
2.2411006238304116e-05
-1.9324355770376099e-03
-2.7564306981548006e-05
1.6217177928941096e-04
2.0507547020943339e-05
-2.5836357750637973e-05
-2.3377757146069640e-06
1.9248955147575300e-06
3.5305797298715725e-07
4.0170290644825329e-07
-1.3698259582642738e-09
-1.0354239045083982e-07
4.7570103514277587e-08
-6.2083811001487858e-09
-2.2801361069252758e-08
-1.2367644362685983e-08
2.1352660874097426e-05
-1.9286510494242674e-03
-2.9356852151063680e-05
1.6169070814850216e-04
2.0862633526204981e-05
-2.5400352976142097e-05
-2.3761110089205335e-06
1.8711210497861933e-06
3.3366602659784441e-07
4.0834597841133666e-07
3.5355394317025256e-09
-1.0206040071565874e-07
4.7722210794221584e-08
-3.3185959800249994e-09
-2.1766320604498781e-08
-1.3844592815378219e-08
2.0420274236904874e-05
-1.9252786773480465e-03
-3.0909017746765962e-05
1.6127193471009515e-04
2.1164110728177992e-05
-2.5019642232904962e-05
-2.4088349953307195e-06
1.8239149197554069e-06
3.1698928769810877e-07
4.1342406497249904e-07
7.6324655834677049e-09
-1.0064678328146939e-07
4.7716282157388005e-08
-8.1864488167101754e-10
-2.0803608898571765e-08
-1.5068878900642557e-08
1.9701408966787573e-05
-1.9223563353653135e-03
-3.2218098567277789e-05
1.6091964293496653e-04
2.1414400131102827e-05
-2.4695410027824719e-05
-2.4360006296586669e-06
1.7837531801358672e-06
3.0296904784252372e-07
4.1723112971605852e-07
1.1028509079425808e-08
-9.9301084550669841e-08
4.7606276443912688e-08
1.2859099137273850e-09
-1.9929674844094037e-08
-1.6041059366296334e-08
1.9200770356979419e-05
-1.9199679177494828e-03
-3.3280241628894268e-05
1.6063440244445530e-04
2.1616044670104812e-05
-2.4428637454423161e-05
-2.4579817249158995e-06
1.7505447066284042e-06
2.9157894118425978e-07
4.2002707274022162e-07
1.3714922276396270e-08
-9.8162284280846638e-08
4.7451263671248088e-08
3.0003237800853896e-09
-1.9190724128873926e-08
-1.6810936253174188e-08
1.8835253557797915e-05
-1.9181396388056283e-03
-3.4099040181815686e-05
1.6040875459588785e-04
2.1770798237974909e-05
-2.4220070519826729e-05
-2.4748085656317672e-06
1.7246647523863288e-06
2.8276884045905259e-07
4.2200336097591479e-07
1.5786659077863413e-08
-9.7196624829790036e-08
4.7284955479007414e-08
4.3244479304584528e-09
-1.8588364316968892e-08
-1.7374847014766282e-08
1.8565821707009506e-05
-1.9168316439610803e-03
-3.4683035429200406e-05
1.6024582296834163e-04
2.1880550198078423e-05
-2.4070712129387013e-05
-2.4867923413133655e-06
1.7060147761215904e-06
2.7650455306906592e-07
4.2331048834795581e-07
1.7217823732626307e-08
-9.6518185756260715e-08
4.7146747125852368e-08
5.2671294587414586e-09
-1.8156031166271245e-08
-1.7775907119014925e-08
1.8410887135575444e-05
-1.9160424861642607e-03
-3.5032718597619261e-05
1.6014791208071276e-04
2.1945799051855547e-05
-2.3980847256283792e-05
-2.4938814284243397e-06
1.6948717934305749e-06
2.7275434882293587e-07
4.2404673256468488e-07
1.8090117933852474e-08
-9.6068882765804400e-08
4.7052773549725695e-08
5.8285707461370236e-09
-1.7885882505641083e-08
-1.8000363382784587e-08
1.8359663185008237e-05
-1.9157808198581395e-03
-3.5149095252419001e-05
1.6011548366625235e-04
2.1967634269681171e-05
-2.3950938123275148e-05
-2.4962821683187104e-06
1.6910840903532054e-06
2.7150959151420705e-07
4.2429274905521656e-07
1.8363410442484660e-08
-9.5943969725389641e-08
4.7020676162098148e-08
6.0192324703928820e-09
-1.7801587617188863e-08
-1.8083673519948048e-08
4.2204457854616026e-03
6.5013588857315230e-02
-5.8286703372715652e-02
-9.4739400695399156e-03
3.2020294780475286e-02
-4.2089410438006375e-02
1.5038083926165634e-02
3.2807339751789920e-02
-2.5074928830332726e-02
-4.3306291028896824e-04
7.1646177122204171e-03
-1.5649533136490923e-02
7.9027956868423649e-03
8.2633062155369075e-03
-6.5051260949180586e-03
2.9437211831629308e-03
4.5135584528958189e-03
6.4089162959614102e-02
-5.7288772042993430e-02
-8.8872267848874482e-03
3.0457220248187998e-02
-4.1251726361867400e-02
1.5265894306079766e-02
3.1370179753287028e-02
-2.4115262409486398e-02
2.5109248502143546e-04
6.3737183297685029e-03
-1.5155728112497730e-02
7.7511011124729943e-03
7.5844764571149992e-03
-6.0313197970534443e-03
2.9769769320740443e-03
5.4011264205333287e-03
6.1387077344823023e-02
-5.4436702604204378e-02
-7.1764396092630139e-03
2.6148162782060305e-02
-3.8819597402147667e-02
1.5716906038266424e-02
2.7337865949536369e-02
-2.1351633208636912e-02
2.0027980846460468e-03
4.2898214822195699e-03
-1.3668818461542668e-02
7.2229792193734188e-03
5.7739054428949691e-03
-4.7577895647632311e-03
2.9865725077779927e-03
6.8841586417059276e-03
5.7110948251658022e-02
-5.0078836891700715e-02
-4.4967697190966506e-03
2.0065810799087501e-02
-3.5035573850505479e-02
1.5841271858028246e-02
2.1486535919560130e-02
-1.7158174922550437e-02
4.0608631627947842e-03
1.6570010915814227e-03
-1.1254173762257645e-02
6.1978199707582128e-03
3.4213291164020680e-03
-3.0760277752712750e-03
2.7881014494248887e-03
8.9084281124762344e-03
5.1576615286189426e-02
-4.4612902800908565e-02
-1.1333532734141220e-03
1.3386193833448677e-02
-3.0274542911622349e-02
1.5110477744935241e-02
1.4898957103513884e-02
-1.2194791316785256e-02
5.5631471512456931e-03
-6.4900986563659743e-04
-8.1980659898926705e-03
4.7013244237826303e-03
1.2380173346967596e-03
-1.4699724672291579e-03
2.2795902185833456e-03
1.1335382297017310e-02
4.5186186895417875e-02
-3.8389097470491983e-02
2.4808262268661814e-03
7.1246423322122894e-03
-2.4961576144890411e-02
1.3314915282438278e-02
8.6730436624322654e-03
-7.3161601935041228e-03
5.9526815676217608e-03
-2.0061082358708029e-03
-5.0349545033946102e-03
2.9939209449310507e-03
-2.4417087657162300e-04
-3.1619292896701353e-04
1.5448801324555890e-03
1.3949824046313279e-02
3.8380003962258651e-02
-3.1729693250298181e-02
5.8147605423710582e-03
1.9665209998277066e-03
-1.9488673035722374e-02
1.0646019263446597e-02
3.6403326086637418e-03
-3.3169976177425584e-03
5.2100204677490844e-03
-2.2863072418352758e-03
-2.3630113293986910e-03
1.4604307214480996e-03
-8.6923108751514068e-04
2.5591150453970114e-04
8.0063459307799984e-04
1.6488478696859318e-02
3.1568993340222978e-02
-2.4988405576978363e-02
8.3775415043503033e-03
-1.7307963986217644e-03
-1.4195380076836094e-02
7.5750007293186213e-03
2.1119240396183449e-04
-6.4245950772736271e-04
3.7702774366088331e-03
-1.8081186571805464e-03
-5.6862559077315122e-04
3.9824030268475964e-04
-8.3854183555109559e-04
3.6264898149884848e-04
2.5072338224531857e-04
1.8673429486824392e-02
2.5085292191731872e-02
-1.8550744790899503e-02
9.8680140569169950e-03
-3.8862633817810543e-03
-9.3960189072240692e-03
4.6449950032008943e-03
-1.6330074966983100e-03
7.2141804280225830e-04
2.2095663482465801e-03
-1.0610805837557536e-03
3.1852277132707942e-04
-1.2499043925978049e-04
-5.1560478250309587e-04
2.4120122052046118e-04
-2.9350559663593669e-05
2.0253526359630718e-02
1.9173555840367250e-02
-1.2769037080595085e-02
1.0236399739100007e-02
-4.6609209234906935e-03
-5.3799286997897973e-03
2.2722215584171845e-03
-2.2302007039229506e-03
1.1166161500853970e-03
9.5222088070044610e-04
-4.2465078949936887e-04
5.4741759307249229e-04
-2.5094793984839432e-04
-2.0104768230411429e-04
9.4564839775730994e-05
-1.0025970342747281e-04
2.1054642313025916e-02
1.4000988731743024e-02
-7.8982012057448384e-03
9.6408318803091822e-03
-4.4123414933018856e-03
-2.3452392527836549e-03
6.3873294327044486e-04
-2.0518437853797203e-03
9.8122420054876135e-04
1.6035556187662215e-04
-4.9230853609019082e-05
4.4918756796627230e-04
-1.9199520171251370e-04
-2.1200907606851234e-05
1.0842036129210181e-05
-7.5129516563783019e-05
2.1017948786209426e-02
9.6608335376823229e-03
-4.0713263536632646e-03
8.3611929956999929e-03
-3.5849730812316325e-03
-3.2123690066495280e-04
-2.9046779359617178e-04
-1.5323175339361486e-03
6.6919305757474781e-04
-2.1497985446772977e-04
9.8041961835952104e-05
2.7370795222391434e-04
-1.0276534805269475e-04
3.8395637831425569e-05
-1.3715508719651047e-05
-3.6258837108967794e-05
2.0204018081733079e-02
6.1741488989679461e-03
-1.2981267651027521e-03
6.7188730733157235e-03
-2.5715833261802795e-03
8.2986620555651112e-04
-6.8355600210741243e-04
-9.7617789439096250e-04
3.8087155633382544e-04
-3.1703799989106393e-04
1.1737702125102084e-04
1.3643301191826888e-04
-4.3585332258433566e-05
3.9145566448792744e-05
-1.1970016654214353e-05
-1.3008783995484033e-05
1.8765029790277353e-02
3.5004464871981160e-03
5.2317971941223695e-04
5.0070277655534642e-03
-1.6331117637482511e-03
1.3360589833640302e-03
-7.4770932404940118e-04
-5.3652152834896807e-04
1.8493948518208186e-04
-2.8572648325537352e-04
9.0156638988435524e-05
5.7259235786584249e-05
-1.5139490653819473e-05
2.5238174714755719e-05
-6.0652971004120115e-06
-3.3123037971752940e-06
1.6901831119297508e-02
1.5541788666120454e-03
1.5711691037981210e-03
3.4402327159079957e-03
-8.9416641156103715e-04
1.4333628585005420e-03
-6.5537311461206951e-04
-2.4798020493326141e-04
7.5985006031081598e-05
-2.1343819758147802e-04
5.6995310950653029e-05
1.9849928515091372e-05
-3.5666156664209201e-06
1.2685140310623039e-05
-2.0127699070794083e-06
2.9283689113792922e-07
1.4820748542714993e-02
2.2241873595944077e-04
2.0529833103771068e-03
2.1376114460429879e-03
-3.7852407022967471e-04
1.3141776906418522e-03
-5.1505795920983675e-04
-8.4407589823826058e-05
2.4925886417357554e-05
-1.4393545402052624e-04
3.1217372215646295e-05
5.5793482222009881e-06
3.5100029685261396e-08
4.3360319800557636e-06
1.3578383916955394e-07
1.1975605202537831e-06
1.2700820840307287e-02
-6.1818725663859370e-04
2.1624824354947989e-03
1.1352635098246925e-03
-5.4758946743136199e-05
1.1087571236022171e-03
-3.7994980550170253e-04
-4.7462316044523743e-06
5.8059143929703748e-06
-9.0819442574690003e-05
1.4838992860891853e-05
2.0777202105090294e-06
3.4621278791062995e-07
2.0033804596329357e-07
7.1148991072709892e-07
9.5494223227935300e-07
1.0676300595515871e-02
-1.0872489570987532e-03
2.0553856974789889e-03
4.1318493481480400e-04
1.2652145574385668e-04
8.9140142138713894e-04
-2.6958513818232314e-04
2.5433472179430807e-05
1.7113310704386668e-06
-5.4822849726389760e-05
5.9870050156494986e-06
2.0873365518791343e-06
1.5157437862969994e-07
-1.0545413988316265e-06
4.6666308610709148e-07
6.3723483056384944e-07
8.8331248867226462e-03
-1.2907768302020967e-03
1.8419048201834057e-03
-7.6594041212764584e-05
2.1177344219901949e-04
6.9764472898286483e-04
-1.8733776136820390e-04
2.9855980530081738e-05
2.9047664417297759e-06
-3.2163185919221774e-05
1.5590128626446481e-06
2.3072286650205836e-06
2.5417805928609402e-07
-1.1900940003292393e-06
1.7417685355166214e-07
4.6419707377898191e-07
7.2148068793547434e-03
-1.3159296926915540e-03
1.5918102903208589e-03
-3.8867901722029215e-04
2.3767932417015074e-04
5.4046695364006803e-04
-1.2953620740982385e-04
2.3408336923022573e-05
4.9411793363605258e-06
-1.8212706696791280e-05
-7.5007047754479145e-07
2.1865948864502495e-06
3.7080516531707398e-07
-1.0737220616666478e-06
4.1108813312379833e-08
2.9352547636023158e-07
5.8328488330514870e-03
-1.2297944580690677e-03
1.3449907236727354e-03
-5.7246711306093475e-04
2.3093636213976517e-04
4.2052108955723596e-04
-9.0202201279065573e-05
1.4140945074081139e-05
6.5284093860773544e-06
-9.6184343539510627e-06
-1.8665545291241561e-06
1.9420936329820807e-06
3.4547489575238591e-07
-8.3168203036666134e-07
-1.2843395467477571e-08
1.1849462964910984e-07
4.6777802611130750e-03
-1.0811476661123044e-03
1.1216449153241598e-03
-6.6802499265234815e-04
2.0917341631823810e-04
3.3216833154629387e-04
-6.3894038547856254e-05
5.6449429959393902e-06
7.3678380793670395e-06
-4.4889383223125190e-06
-2.1825091524876140e-06
1.5809787048205374e-06
2.8432361153760436e-07
-5.2884997796890092e-07
-3.0462021455651364e-08
7.5802291702408136e-09
3.7283610688901795e-03
-9.0377238402528700e-04
9.2966183316033329e-04
-7.0584517183581888e-04
1.8246146071868903e-04
2.6789987838912629e-04
-4.6402393348051553e-05
-6.6722260191996299e-07
7.3203342143682008e-06
-1.5546582467611557e-06
-2.0773804377361918e-06
1.0826071439605284e-06
2.4052939771894492e-07
-2.8875833089626836e-07
-8.4718515892652176e-09
-3.4197459132710392e-08
2.9581090579114660e-03
-7.1997434951477028e-04
7.6970199624982224e-04
-7.0782995724732089e-04
1.5579106711131725e-04
2.2100124470528893e-04
-3.4456551013092409e-05
-4.5761243918322482e-06
6.5204262099189731e-06
2.1175411659904481e-07
-1.8295423458036824e-06
5.4654295867680977e-07
1.8864346337850598e-07
-1.4232322642802065e-07
2.8539242725722231e-08
-4.2228250266137732e-08
2.3394911380202263e-03
-5.4361105257254825e-04
6.3881713645660683e-04
-6.8880438878644423e-04
1.3132352420867829e-04
1.8626415750409167e-04
-2.5787791809107443e-05
-6.6958429992119481e-06
5.3799912847019577e-06
1.4428750733590529e-06
-1.5627392407052332e-06
8.0965079657023770e-08
1.3802949683056032e-07
-5.8979328360267002e-08
5.1100731620815467e-08
-2.7389435854994896e-08
1.8464212124915085e-03
-3.8253991782489442e-04
5.3277594647305291e-04
-6.5830891041242939e-04
1.0965530160056808e-04
1.5988519511696999e-04
-1.9223018965959800e-05
-7.8505127683565680e-06
4.2802024422870343e-06
2.3210843770770877e-06
-1.3144297665803567e-06
-2.4862600866100751e-07
1.0179749098817534e-07
-3.1524397782759157e-08
6.1794707099957036e-08
3.7390846787389007e-09
1.4555618612674933e-03
-2.4053793960888693e-04
4.4729177904598457e-04
-6.2222480375489695e-04
9.0588971044202899e-05
1.3935324562596186e-04
-1.4284947585980765e-05
-8.5294770841334557e-06
3.3475802207954755e-06
2.8222590494973033e-06
-1.0630187549940447e-06
-4.2573583953606946e-07
6.2114508330620159e-08
-3.7007256626580642e-08
6.3007598162905507e-08
2.9405705281668876e-08
1.1468191662785663e-03
-1.1872868458333658e-04
3.7860321822897616e-04
-5.8402029170806600e-04
7.3787361180884900e-05
1.2318034196533330e-04
-1.0665397796262480e-05
-8.8624503422247821e-06
2.5234886164489739e-06
2.9749067852318910e-06
-7.8381227897881590e-07
-5.0842510830419928e-07
2.9829854064008794e-08
-3.4907731408421143e-08
4.6766331439982020e-08
4.5103662247938134e-08
9.0336323758873213e-04
-1.6600130189797657e-05
3.2369468794473950e-04
-5.4571005601964349e-04
5.9096670423751716e-05
1.1040191476393692e-04
-8.0235395378441989e-06
-8.8732394579534231e-06
1.7487736456380759e-06
2.9120582010321491e-06
-5.2014716331284864e-07
-5.6419487787673795e-07
2.8273137577158587e-08
-2.9481887386374436e-08
2.2323027037675575e-08
5.7997736353730656e-08
7.1139296627610561e-04
6.7273631631531886e-05
2.8022137324159734e-04
-5.0857235936574039e-04
4.6451547345891375e-05
1.0019526413376805e-04
-6.0370709771280140e-06
-8.6270102381005494e-06
1.0558809669984639e-06
2.7650389067669190e-06
-3.2286226491315851e-07
-5.8415629103232130e-07
3.9194751040812269e-08
-3.6927489793091875e-08
1.5916398167709674e-09
6.2640725990696796e-08
5.5975629178676436e-04
1.3473684794293659e-04
2.4624623249854178e-04
-4.7354437360917588e-04
3.5686552538261906e-05
9.1830635205066965e-05
-4.4743285572263253e-06
-8.2398670794807964e-06
5.0148264051478079e-07
2.5675791226066739e-06
-1.6998294994623485e-07
-5.4656418021302292e-07
4.3115929466858442e-08
-4.0852473146587280e-08
-1.6974838070497281e-08
5.5762891368572539e-08
4.3950601987801193e-04
1.8775548788442110e-04
2.2000689601593031e-04
-4.4130815160607796e-04
2.6520504992000768e-05
8.4776580853184307e-05
-3.2249839901819090e-06
-7.8199769850747951e-06
7.1120302160634929e-08
2.3091425304098119e-06
-3.3985285079718398e-08
-4.8534055834735063e-07
4.9438727253398680e-08
-3.1538910160590187e-08
-3.3633388838981448e-08
4.3978941114612528e-08
3.4347415480414159e-04
2.2827951694997863e-04
1.9985068667069834e-04
-4.1223261221179103e-04
1.8684467695573221e-05
7.8728754321354249e-05
-2.2449574593213783e-06
-7.4018682487993563e-06
-2.7515963858572312e-07
2.0237526429260602e-06
6.7831823923582214e-08
-4.2553990564229218e-07
5.9991323765928091e-08
-2.0592493058853588e-08
-4.3973761863561869e-08
3.0485679368899153e-08
2.6592503127395009e-04
2.5819757600745375e-04
1.8431281831869011e-04
-3.8635218409964532e-04
1.2021420158285217e-05
7.3494409978617906e-05
-1.4749751192770690e-06
-6.9781638419018919e-06
-5.3482188844031328e-07
1.7456066519761305e-06
1.3281776386416417e-07
-3.5568549682924838e-07
6.4862848344434852e-08
-1.0307417348530174e-08
-4.8031970945900261e-08
1.5098335980342028e-08
2.0230208193906967e-04
2.7931751372344959e-04
1.7220831730762183e-04
-3.6345496156862380e-04
6.4285137926812741e-06
6.8858161482849184e-05
-8.5809250675258455e-07
-6.5558519900114467e-06
-7.1249972494878851e-07
1.4685265771041729e-06
1.8056858255776715e-07
-2.8044475740947387e-07
6.4480868342620199e-08
3.9399747074550788e-09
-4.7989050181206701e-08
-6.4912092390958468e-11
1.4903937791516797e-04
2.9333719260291974e-04
1.6263693405113716e-04
-3.4321248439650172e-04
1.7370647294964436e-06
6.4606059459951175e-05
-3.5390244305456478e-07
-6.1318242248180196e-06
-8.3945169383492648e-07
1.1975890876995062e-06
2.1225678007962532e-07
-2.1390569322920117e-07
6.2747272044929811e-08
1.8421081506010104e-08
-4.4128198636664837e-08
-1.2691123133006183e-08
1.0340023914469005e-04
3.0181327498680314e-04
1.5493438483416932e-04
-3.2525643345393827e-04
-2.2659670534301740e-06
6.0629366772260991e-05
9.1956514020698671e-08
-5.7142707154513274e-06
-9.2781169537663617e-07
9.5632159711538023e-07
2.2587946621380856e-07
-1.5434790207402376e-07
5.7234466490381616e-08
3.0548063281859034e-08
-3.7062886141931675e-08
-2.3062086681305597e-08
6.3336123019475132e-05
3.0614183820214025e-04
1.4864114958667316e-04
-3.0922316200574098e-04
-5.7434423395345035e-06
5.6915689409235286e-05
4.9769892319872063e-07
-5.3462715524523191e-06
-9.7017378360159660e-07
7.4835989916936912e-07
2.2715033382882371e-07
-1.0068521701243254e-07
4.9330974790393143e-08
4.1493006136154387e-08
-2.8706944114149577e-08
-3.0526325440870120e-08
2.7368834628016872e-05
3.0754364065629073e-04
1.4346468930929049e-04
-2.9480801952237561e-04
-8.7871103485248334e-06
5.3483226886888782e-05
8.3221288940818423e-07
-5.0322243568368657e-06
-9.7309129609095252e-07
5.5917266358807393e-07
2.1968151406313895e-07
-5.2582694351542645e-08
3.9650450950192513e-08
4.9198509210848399e-08
-1.9205187777827850e-08
-3.5030101131774093e-08
-5.5146074840183206e-06
3.0704968318744395e-04
1.3921122753996612e-04
-2.8179807004463176e-04
-1.1430527163209900e-05
5.0340885510060002e-05
1.0988833336616710e-06
-4.7330329513817027e-06
-9.5756003173423475e-07
3.8557861440039659e-07
2.0918031947611798e-07
-1.1643669358126310e-08
2.8311297036657905e-08
5.5332450521324109e-08
-9.9402670756317413e-09
-3.7240977145694886e-08
-3.5961928806927593e-05
3.0549540898436653e-04
1.3571698859927286e-04
-2.7006328932589085e-04
-1.3685426815877052e-05
4.7452000481763628e-05
1.3316685727775587e-06
-4.4411504672411841e-06
-9.3169091650197755e-07
2.3907045355723273e-07
1.9347851432548397e-07
1.9454353747660200e-08
1.7752200348601806e-08
5.8794014427363553e-08
-1.2091286812120159e-09
-3.6935954774957431e-08
-6.4348472469312441e-05
3.0352651607393687e-04
1.3279862241510012e-04
-2.5951143385126262e-04
-1.5600602366279818e-05
4.4759547215173466e-05
1.5408342561837294e-06
-4.1709145338593973e-06
-8.8946375294621916e-07
1.1680191697095138e-07
1.7406908301655815e-07
4.6693930400465867e-08
6.5779180733545502e-09
5.9509702265146577e-08
6.6921101667645282e-09
-3.5072337220674757e-08
-9.0859758612775834e-05
3.0161984102039703e-04
1.3025809250230035e-04
-2.5001830241070766e-04
-1.7242316959799731e-05
4.2243759781500080e-05
1.7206661587978667e-06
-3.9229906627130804e-06
-8.3990252086433447e-07
9.7552135693505088e-09
1.5564522326806483e-07
6.7653767662643940e-08
-3.7200326994996005e-09
5.8958702655553629e-08
1.3289182735938944e-08
-3.1835878949607131e-08
-1.1554970995737777e-04
3.0011122195530558e-04
1.2794919332709045e-04
-2.4140459185070310e-04
-1.8646096879274995e-05
3.9902411510040750e-05
1.8752679845927668e-06
-3.6884326720298503e-06
-7.8754835982649776e-07
-7.8106147011495615e-08
1.3551727354466769e-07
8.3234065689396424e-08
-1.2969022345850529e-08
5.6315824724443149e-08
1.8709341136087098e-08
-2.7682145734529706e-08
-1.3837467564847077e-04
2.9921067528692903e-04
1.2582154600441112e-04
-2.3349267515480960e-04
-1.9842315338907571e-05
3.7712431610684924e-05
2.0122275499945876e-06
-3.4675776035713866e-06
-7.3194714009709543e-07
-1.5177913997059028e-07
1.1666450109803724e-07
9.5466090659196401e-08
-2.1360295041657066e-08
5.2672085119862574e-08
2.2856400521062956e-08
-2.3039934816565012e-08
-1.5922625092467391e-04
2.9900063489579236e-04
1.2388516254602637e-04
-2.2616558417288328e-04
-2.0880971628208006e-05
3.5667811697100168e-05
2.1349275385291477e-06
-3.2618138789186000e-06
-6.7810999186014570e-07
-2.1158238549516420e-07
9.8471189605241866e-08
1.0336085745048381e-07
-2.8340185925131698e-08
4.8067691325072843e-08
2.5818538177614279e-08
-1.8136758832962480e-08
-1.7797921846736769e-04
2.9944120436941073e-04
1.2215890971408488e-04
-2.1936639602828005e-04
-2.1783023191261762e-05
3.3786435572239238e-05
2.2415874490106306e-06
-3.0750499082417123e-06
-6.2356695286118160e-07
-2.5926148343211422e-07
8.1307420102098588e-08
1.0901342386779989e-07
-3.4261269145729307e-08
4.2830230741459192e-08
2.7763854626908072e-08
-1.3257604037488293e-08
-1.9454070563269820e-04
3.0039178607370277e-04
1.2064284088945422e-04
-2.1307630791233108e-04
-2.2546467853051579e-05
3.2061745921023486e-05
2.3290856163507612e-06
-2.8986333560971436e-06
-5.7204217258386645e-07
-2.9903494286669505e-07
6.5842510938917082e-08
1.1214341577799362e-07
-3.8980308678033041e-08
3.7323083542883354e-08
2.8779777163148983e-08
-8.5643520730731911e-09
-2.0889240028989427e-04
3.0164633100507803e-04
1.1930914086310667e-04
-2.0727927433985172e-04
-2.3186393007672133e-05
3.0469325159373055e-05
2.4085155115102272e-06
-2.7317016920546661e-06
-5.2403967504844056e-07
-3.2940020224634033e-07
5.1651336830699126e-08
1.1343731384117633e-07
-4.2652390271888168e-08
3.1679795541401994e-08
2.9081551999320956e-08
-4.1757754335917203e-09
-2.2111412459543711e-04
3.0297842110792612e-04
1.1813008261748717e-04
-2.0193498919313213e-04
-2.3732445394749554e-05
2.9002000839115223e-05
2.4770272982263084e-06
-2.5796318655322104e-06
-4.7864645539774170e-07
-3.5332683874540913e-07
3.8945534202768637e-08
1.1342885570832093e-07
-4.5377599567435179e-08
2.6120680622517656e-08
2.8771274640427451e-08
-1.8140724631423048e-10
-2.3138129047955175e-04
3.0418366422781622e-04
1.1711550856640711e-04
-1.9700287461161661e-04
-2.4196604059099863e-05
2.7662953226158855e-05
2.5356178853385213e-06
-2.4378392261140093e-06
-4.3734483973537595e-07
-3.7171140622205842e-07
2.7733566259052073e-08
1.1236117716773800e-07
-4.7291396172729583e-08
2.0773053405987395e-08
2.8039597584990545e-08
3.3923586460272211e-09
-2.3994498984504818e-04
3.0510377081864929e-04
1.1628361757594802e-04
-1.9248938874321593e-04
-2.4589021962441832e-05
2.6446576710255632e-05
2.5863440826656448e-06
-2.3084054567421750e-06
-3.9949761002675243e-07
-3.8535957142207115e-07
1.7798442917064917e-08
1.1056434267096008e-07
-4.8509065959129074e-08
1.5733739145175736e-08
2.6969132234074336e-08
6.5200249598946504e-09
-2.4711476618753518e-04
3.0564986858351285e-04
1.1561041105475424e-04
-1.8841622500915842e-04
-2.4915187954457368e-05
2.5350691391368168e-05
2.6287163593864042e-06
-2.1896666352990862e-06
-3.6541539675441612e-07
-3.9551113022080391e-07
9.2075788611428386e-09
1.0832524438972237e-07
-4.9179680329404626e-08
1.1073050124133584e-08
2.5716503610715693e-08
9.2252881367781299e-09
-2.5322001423061502e-04
3.0582877189145539e-04
1.1505412177659862e-04
-1.8477518702311911e-04
-2.5183128283917180e-05
2.4362515770656271e-05
2.6651096966376673e-06
-2.0814707144947483e-06
-3.3499044548358396e-07
-4.0267272353642832e-07
1.7263199047148231e-09
1.0577589835599475e-07
-4.9401292241053646e-08
6.8346900314917669e-09
2.4331600062077550e-08
1.1517128694816148e-08
-2.5854438187492863e-04
3.0574139508400430e-04
1.1459293922642126e-04
-1.8154246075193197e-04
-2.5406521987929559e-05
2.3481343974711183e-05
2.6957944470241273e-06
-1.9844220357648233e-06
-3.0805700571836722e-07
-4.0758401383075938e-07
-4.6343039675000386e-09
1.0315340035055016e-07
-4.9304926547206974e-08
3.0358033957331328e-09
2.2935528187694398e-08
1.3443872819462511e-08
-2.6326432443102613e-04
3.0553672851768587e-04
1.1420893724633645e-04
-1.7870993586544985e-04
-2.5587284295145813e-05
2.2703980661516117e-05
2.7211030573536088e-06
-1.8978412885485882e-06
-2.8448488341389661e-07
-4.1078012880135613e-07
-1.0076865395696052e-08
1.0052251257318260e-07
-4.8969754682409608e-08
-3.1017705892023482e-10
2.1547664681432739e-08
1.5027687472552928e-08
-2.6743432066010810e-04
3.0535277639795840e-04
1.1387222779489139e-04
-1.7625466366890429e-04
-2.5733381951813248e-05
2.2024388058678061e-05
2.7422337917739197e-06
-1.8216302900941274e-06
-2.6415954889374613e-07
-4.1270340467278085e-07
-1.4597698347870237e-08
9.8046073374253358e-08
-4.8498155483332056e-08
-3.2145676839835885e-09
2.0259902261336835e-08
1.6323033071084878e-08
-2.7100802811253220e-04
3.0526055904617720e-04
1.1358040192587350e-04
-1.7414605068465187e-04
-2.5850482818566267e-05
2.1440767571789296e-05
2.7593148710054475e-06
-1.7559152712309533e-06
-2.4687979979075715e-07
-4.1371062545006657e-07
-1.8380081772450597e-08
9.5746515445337794e-08
-4.7947178291082697e-08
-5.6816668498086646e-09
1.9067488265018151e-08
1.7352823034219817e-08
-2.7392162579497730e-04
3.0523226827128177e-04
1.1333657860921120e-04
-1.7237210204692013e-04
-2.5943008308808230e-05
2.0951017138355835e-05
2.7730913571434777e-06
-1.7003703247663143e-06
-2.3254204480790378e-07
-4.1412073494138227e-07
-2.1404595338296660e-08
9.3742662912938476e-08
-4.7392727744735238e-08
-7.7343338634398417e-09
1.8041174712387894e-08
1.8166881043264456e-08
-2.7619160610746225e-04
3.0519303509833639e-04
1.1314520819383643e-04
-1.7092596782275794e-04
-2.6014176377743372e-05
2.0553116867268241e-05
2.7837224788379931e-06
-1.6551242359178470e-06
-2.2098637194874031e-07
-4.1415261969830535e-07
-2.3831264970001380e-08
9.2022481923087029e-08
-4.6868479324269660e-08
-9.3804396027936964e-09
1.7159691623297685e-08
1.8782328154182007e-08
-2.7791775424009858e-04
3.0512488163581518e-04
1.1300301130470595e-04
-1.6981010431974642e-04
-2.6066839846368480e-05
2.0245633866557495e-05
2.7917650757107866e-06
-1.6199284491167554e-06
-2.1212996241912641e-07
-4.1399975262424436e-07
-2.5621295421672562e-08
9.0678481031144565e-08
-4.6428922438317296e-08
-1.0645883828355924e-08
1.6479937444246052e-08
1.9239388806752199e-08
-2.7915099623734754e-04
3.0507417000450013e-04
1.1290195645614497e-04
-1.6901748042972328e-04
-2.6102728548855923e-05
2.0026811397389600e-05
2.7972262218298672e-06
-1.5948874185877041e-06
-2.0586308039293680e-07
-4.1379471493287662e-07
-2.6910582432348659e-08
8.9677374424907775e-08
-4.6088749910462188e-08
-1.1535114468100814e-08
1.5970390452636502e-08
1.9544409604258092e-08
-2.7988095321143051e-04
3.0504641487276050e-04
1.1284183930581091e-04
-1.6854311460987411e-04
-2.6123836710151922e-05
1.9896001721085880e-05
2.8005213490976959e-06
-1.5798218325960648e-06
-2.0213952343754466e-07
-4.1364440726066379e-07
-2.7634166977711511e-08
8.9096028289912393e-08
-4.5881662417285307e-08
-1.2068489647356576e-08
1.5678387056509979e-08
1.9727742001020721e-08
-2.8012331093167723e-04
3.0503550738994933e-04
1.1282199979746515e-04
-1.6838496991274291e-04
-2.6130629257330306e-05
1.9852346294563269e-05
2.8015367577414736e-06
-1.5748523140936263e-06
-2.0089327587981091e-07
-4.1357780468770616e-07
-2.7902082486879528e-08
8.8881234033908862e-08
-4.5808011410388306e-08
-1.2239812080484715e-08
1.5566709358821526e-08
1.9782232422689908e-08
-3.5978916837713026e-01
-1.7234289295374156e-02
5.9316757521177668e-02
3.5085233793179134e-02
-4.2172845076016000e-02
-1.3431382990122928e-02
3.6609825810791301e-02
-1.5923097725855446e-02
-5.9757176814811104e-03
3.0147819025726014e-02
-1.6833273793357278e-02
-1.5097345535989768e-02
1.5446016181392214e-02
-5.6120284007578156e-03
-1.2377639430685480e-03
1.2037777380171040e-02
-3.5594835884546167e-01
-1.6532408630684423e-02
5.7660869933382257e-02
3.5612521891474062e-02
-4.1532717257960303e-02
-1.3815814913876468e-02
3.5751765396000702e-02
-1.5663929880788643e-02
-5.4467661921683711e-03
2.9321049647495875e-02
-1.6486595831225959e-02
-1.4228205603148724e-02
1.4622425393074290e-02
-5.7293757733988789e-03
-8.3651261026631229e-04
1.1445714489243138e-02
-3.4471075192254336e-01
-1.4468873614879281e-02
5.2959749535488029e-02
3.7042016363990578e-02
-3.9738020146849580e-02
-1.4764760204651844e-02
3.3295267516987026e-02
-1.4958900030025894e-02
-3.9952107830667745e-03
2.6953014008780678e-02
-1.5430452300456235e-02
-1.1837499333150175e-02
1.2342315432758702e-02
-5.9404734455090714e-03
1.5646074231499824e-04
9.7790533556247478e-03
-3.2686876457031344e-01
-1.1277819798452739e-02
4.5932367445970991e-02
3.8963451704914935e-02
-3.7089436101004750e-02
-1.5750119352598090e-02
2.9544373133974428e-02
-1.3984680156503445e-02
-1.9781505401344308e-03
2.3355274810264347e-02
-1.3656124545654182e-02
-8.5047639366509463e-03
9.1322138572141574e-03
-5.9211744834495655e-03
1.2355819315443088e-03
7.3691442112179383e-03
-3.0357171212631356e-01
-7.5363980052113623e-03
3.7553637480786245e-02
4.0832766056117520e-02
-3.3897997770491899e-02
-1.6145243593126541e-02
2.4887163243677075e-02
-1.2917583390271666e-02
1.4340700988844558e-04
1.8971041949679253e-02
-1.1248705920924246e-02
-4.9858906893678516e-03
5.7128888904422860e-03
-5.3922630849038153e-03
1.9004482703323792e-03
4.7308486934472512e-03
-2.7616366720040569e-01
-4.0638346862486401e-03
2.8839511138236119e-02
4.2123136909262116e-02
-3.0365103112232901e-02
-1.5494541046701490e-02
1.9726376530063844e-02
-1.1825790397711779e-02
1.9320444186429193e-03
1.4291716700496154e-02
-8.4481282581336994e-03
-1.9770398978241049e-03
2.7754420542757366e-03
-4.3185215553570204e-03
1.9328185811186339e-03
2.4175994461603620e-03
-2.4606411808723169e-01
-1.5452366070220190e-03
2.0682460764513105e-02
4.2438593240957598e-02
-2.6582739120632897e-02
-1.3692227501885651e-02
1.4475003813067456e-02
-1.0641243784079843e-02
3.0722908017769661e-03
9.7908924008929740e-03
-5.6252308914951530e-03
8.5856264833848996e-05
7.5285197973526429e-04
-2.9393609420696287e-03
1.4679137131047904e-03
8.0906901095266471e-04
-2.1468808091615535e-01
-1.9367603940987390e-04
1.3742037012685764e-02
4.1559796022214573e-02
-2.2612170982182385e-02
-1.0986680356860580e-02
9.5627259734589395e-03
-9.2406764008823254e-03
3.4380397086405524e-03
5.8793210650220354e-03
-3.1698042641475654e-03
1.1160472496855090e-03
-2.9158321549199663e-04
-1.6175505235697528e-03
8.3500286283713664e-04
-2.4734648154421530e-05
-1.8337691690317987e-01
2.5352263090591692e-04
8.3771654962526369e-03
3.9444055384411467e-02
-1.8551336823880028e-02
-7.8421089297724036e-03
5.3894889828754195e-03
-7.5711910734517279e-03
3.1198624056684551e-03
2.8501764391715267e-03
-1.3519290853260548e-03
1.3234472717006769e-03
-5.9372809936211778e-04
-6.3274473932490986e-04
3.2016340185611115e-04
-2.7925790017435664e-04
-1.5332764323040760e-01
2.4573275951825387e-04
4.6338792700243133e-03
3.6212137158816785e-02
-1.4549294712025148e-02
-4.7597329885317582e-03
2.2309457053259641e-03
-5.7223365274009872e-03
2.3767361813290442e-03
8.1493242220235639e-04
-2.4017440227224135e-04
1.0604232351135755e-03
-5.0029609708206928e-04
-7.0217028773450062e-05
3.4056016422981187e-05
-2.4167971217469754e-04
-1.2552449589536530e-01
1.2677239110365907e-04
2.3046956819909206e-03
3.2123749889079997e-02
-1.0785153581977144e-02
-2.1398590123123790e-03
1.5935539096574613e-04
-3.8955255639514983e-03
1.5166523206337369e-03
-3.1495759937858928e-04
2.8012608376550891e-04
6.5467507063990166e-04
-2.9575882255000215e-04
1.5122924721781538e-04
-6.3527864223249255e-05
-1.3205123497622278e-04
-1.0067994544990624e-01
4.2097463417075649e-05
1.0387319272573258e-03
2.7528104726173633e-02
-7.4363535088233903e-03
-2.0838959242362140e-04
-9.5678340223256302e-04
-2.3032031843705060e-03
7.7638088781253564e-04
-7.6918637260647166e-04
4.1495696934444170e-04
3.0958069323654998e-04
-1.2936734896945126e-04
1.7720000484785475e-04
-6.4661912496408983e-05
-5.0398863617083453e-05
-7.9199456879676666e-02
6.9024130950382875e-06
4.5651190437234589e-04
2.2795532739226326e-02
-4.6416004846180003e-03
9.9556654280800322e-04
-1.3724530404358288e-03
-1.0795594309506097e-03
2.6486744291145638e-04
-8.1723353841392607e-04
3.6239091900154140e-04
9.4926544480251147e-05
-3.7227523908800574e-05
1.2979361773638858e-04
-3.9173078328902351e-05
-1.1480755729726066e-05
-6.1186831443562885e-02
-2.1308247968797934e-06
2.3462983634445683e-04
1.8253236541997713e-02
-2.4676061540627402e-03
1.5773679071819917e-03
-1.3637479720281765e-03
-2.5310411298149941e-04
-2.0628173075560461e-05
-6.8211514740156075e-04
2.5635540138519645e-04
-4.9549965717729552e-06
-1.0696388659113149e-06
7.5905631757344828e-05
-1.7488093932095232e-05
8.3313827568211716e-07
-4.6492524412024713e-02
-2.6307240872694068e-06
1.4730094560943516e-04
1.4142550295921669e-02
-8.9907112181479923e-04
1.7137624062809693e-03
-1.1559585059491909e-03
2.2923473252594052e-04
-1.4051851970541112e-04
-5.0377352575987488e-04
1.6116392855981319e-04
-3.4556472768446223e-05
6.6813675083940994e-06
3.8060641833883152e-05
-5.3641544785643938e-06
2.3080680674089901e-06
-3.4789735290853371e-02
-1.5848511596215717e-06
6.8334505797736648e-05
1.0603335805563344e-02
1.4363069391323989e-04
1.5851364469114124e-03
-8.9621632999699352e-04
4.5871770293615718e-04
-1.6360631649772075e-04
-3.4766635912264617e-04
9.4588642019910498e-05
-3.2324584079068047e-05
4.5878270568880533e-06
1.6717364092947743e-05
-1.5152042016643621e-07
1.0997940150775040e-06
-2.5656466662182575e-02
-8.7560205497360208e-07
-5.1638654043419659e-05
7.6823009119834033e-03
7.7288771690391534e-04
1.3349206648734339e-03
-6.6037559857853889e-04
5.2734582592021690e-04
-1.4202755550124900e-04
-2.3228714582418033e-04
5.3598728061480303e-05
-2.0707380530593628e-05
1.0910588257032113e-06
6.2197732949911870e-06
1.5016506751752885e-06
6.1486380948570626e-08
-1.8645647171371276e-02
-6.1774360548375685e-07
-2.1538377084393185e-04
5.3559820565426842e-03
1.1042530332052538e-03
1.0572620005166778e-03
-4.7551450155114655e-04
5.0757168659965231e-04
-1.0677932193416428e-04
-1.5440491070994398e-04
3.0099799690381983e-05
-9.5088663326940774e-06
-1.2410465594168938e-06
1.5281204180515534e-06
1.7300956379972110e-06
-3.3030506690632774e-07
-1.3334290970269112e-02
-5.1579568416524513e-07
-4.0486467444028260e-04
3.5579317686142936e-03
1.2373779278485261e-03
8.0306385419720799e-04
-3.4258514122527633e-04
4.4772805721157445e-04
-7.2856054670795812e-05
-1.0435751865062510e-04
1.7059916344222060e-05
-1.6468408831588920e-06
-2.2378745738554302e-06
-4.3862061666123913e-07
1.5243532628933259e-06
-3.2379333968146623e-07
-9.3511110098118706e-03
-4.1424261870002726e-07
-5.9804554433587917e-04
2.2025930879227620e-03
1.2484690244774306e-03
5.9317263910701307e-04
-2.5206472807343171e-04
3.7606436194215052e-04
-4.5737561050253713e-05
-7.2762564849311400e-05
9.7853979401649462e-06
2.9076777889242176e-06
-2.3668626368094926e-06
-1.2182975702678963e-06
1.2244456128137331e-06
-1.8268020790135958e-07
-6.3869986064974760e-03
-3.0746270360803544e-07
-7.7716878397862395e-04
1.2024072527451648e-03
1.1909026494197610e-03
4.3105423190523319e-04
-1.9232638196250293e-04
3.0699449104009671e-04
-2.6120912719361486e-05
-5.2583867508920535e-05
5.5708754926422449e-06
5.0646240548700959e-06
-2.0593161515757196e-06
-1.4813837528263271e-06
9.3020753952022628e-07
-3.2489735772841543e-08
-4.1942377746288957e-03
-2.1558031822776644e-07
-9.3117356503187349e-04
4.7784090895184315e-04
1.0996131389490516e-03
3.1178554393324217e-04
-1.5328102926887645e-04
2.4647290538463854e-04
-1.2792469741921354e-05
-3.9229179749922486e-05
2.9902513171975347e-06
5.7261141930875818e-06
-1.5851238684637798e-06
-1.5123968288718614e-06
6.7820629637686930e-07
8.1584385370720081e-08
-2.5796674314444963e-03
-1.4429038992936782e-07
-1.0550941418557055e-03
-3.8222918933964710e-05
9.9608457589180641e-04
2.2738538704190870e-04
-1.2748629387594572e-04
1.9590031033118506e-04
-4.1204891510038488e-06
-2.9948673750466630e-05
1.3131886884493415e-06
5.5531164280111827e-06
-1.0958618488924668e-06
-1.4355208288473985e-06
4.7809043090015360e-07
1.4683847831397306e-07
-1.3955498770138932e-03
-9.4857955357836768e-08
-1.1484329421182153e-03
-3.9971061128153039e-04
8.9261085347293074e-04
1.6964898324482402e-04
-1.0995520924678113e-04
1.5463961288558035e-04
1.3357606840841465e-06
-2.3177905040406193e-05
1.7318227721466268e-07
4.9811086228837897e-06
-6.6809126754044449e-07
-1.3044729730924796e-06
3.2561276503852564e-07
1.6958143000965029e-07
-5.3040603883518678e-04
-6.6233832144033263e-08
-1.2134996421720109e-03
-6.4846380226804860e-04
7.9557437056424905e-04
1.3145043434198208e-04
-9.7502670133893244e-05
1.2135920743835358e-04
4.6557985179146609e-06
-1.8049427709443329e-05
-6.0421176528644164e-07
4.2676122792801000e-06
-3.3056058031475506e-07
-1.1429248298767065e-06
2.1406311317001205e-07
1.6351059469461858e-07
9.9100727208790523e-05
-5.2287373322592974e-08
-1.2540671822541206e-03
-8.1610555703265277e-04
7.0778717125965335e-04
1.0712928762578285e-04
-8.8148132546039286e-05
9.4622517397946999e-05
6.5748277714618271e-06
-1.4068474391474410e-05
-1.1097839301240930e-06
3.5386386409747662e-06
-8.2776688742467161e-08
-9.6414244392328171e-07
1.3573180363868334e-07
1.4099891175426937e-07
5.5487914416226089e-04
-4.6502001520000076e-08
-1.2744201470452656e-03
-9.2605514476121946e-04
6.3002615391968733e-04
9.2416979686315461e-05
-8.0697314081325120e-05
7.3130704133185718e-05
7.5750667731680473e-06
-1.0924510202125428e-05
-1.4120870773293607e-06
2.8466014184935829e-06
8.9940265120673917e-08
-7.8138386611469977e-07
8.2534410103913414e-08
1.1249487247938850e-07
8.8273629601722859e-04
-4.5137013855370819e-08
-1.2787586576687505e-03
-9.9538005888240668e-04
5.6198228641766903e-04
8.4207198239443811e-05
-7.4446197258959613e-05
5.5810101094617835e-05
7.9770081414912433e-06
-8.4056423606539348e-06
-1.5700663925219018e-06
2.2172413922715917e-06
2.0287850006098120e-07
-6.0869498303204252e-07
4.8685789082973871e-08
8.5259045042579592e-08
1.1164866328461974e-03
-4.4674895943642049e-08
-1.2708696484419995e-03
-1.0363562318469674e-03
5.0283471274281677e-04
8.0300403723087310e-05
-6.8976340027682387e-05
4.1808693244084645e-05
7.9971414434291481e-06
-6.3645692902010367e-06
-1.6265576417374735e-06
1.6656902861285261e-06
2.6729122116248473e-07
-4.5512647308196695e-07
2.9511370233115111e-08
6.1863361801931714e-08
1.2810630119298064e-03
-4.2591215578265462e-08
-1.2539776876305192e-03
-1.0577194676471328e-03
4.5158210662095795e-04
7.9163217134962219e-05
-6.4035776998018138e-05
3.0452911012798662e-05
7.7799700299568818e-06
-4.6974617719240747e-06
-1.6098920022260337e-06
1.1960110936032945e-06
2.9367590259393906e-07
-3.2302665928315666e-07
1.9711612747658102e-08
4.2747003628319078e-08
1.3948484040252572e-03
-3.8501103047986195e-08
-1.2307133036887114e-03
-1.0656401102890976e-03
4.0720865849315767e-04
7.9729233591899603e-05
-5.9476865257448086e-05
2.1209418099521770e-05
7.4213370116256009e-06
-3.3287510896711581e-06
-1.5414037621487151e-06
8.0370666582738090e-07
2.9343637465513984e-07
-2.1234003750370917e-07
1.5141086206695945e-08
2.8456256630761536e-08
1.4714039909157228e-03
-3.2912896260506152e-08
-1.2031563786542706e-03
-1.0644595875150195e-03
3.6875351106785279e-04
8.1259641366409244e-05
-5.5217602885235553e-05
1.3658414081864074e-05
6.9839646783402527e-06
-2.2027988252444653e-06
-1.4387437933338348e-06
4.8123466397445000e-07
2.7595136828898500e-07
-1.2304539647520497e-07
1.3619610049086508e-08
1.8726321529432092e-08
1.5207402320736444e-03
-2.6180169479061544e-08
-1.1729178345301473e-03
-1.0572269827672147e-03
3.3533930821327173e-04
8.3255775725055861e-05
-5.1213884650135521e-05
7.4717477933358401e-06
6.5069460166404776e-06
-1.2768122465947211e-06
-1.3154535997354544e-06
2.2076626114477310e-07
2.4756980773390283e-07
-5.3779846478341263e-08
1.3641530585137126e-08
1.2402154486086662e-08
1.5502463770932075e-03
-1.8976038374727260e-08
-1.1412290157447114e-03
-1.0460770452135209e-03
3.0619029765597725e-04
8.5400655548305298e-05
-4.7440893210066627e-05
2.3918985753607492e-06
6.0148224805428361e-06
-5.1511973371418542e-07
-1.1812985908203954e-06
1.4053204145078929e-08
2.1329107928780504e-07
-1.7455351387954675e-09
1.3976122112146950e-08
8.5022647998185669e-09
1.5653703498408912e-03
-1.2005557318681875e-08
-1.1090195447437696e-03
-1.0324933878588902e-03
2.8064425259559080e-04
8.7508647984743272e-05
-4.3883923729543756e-05
-1.7866980014645370e-06
5.5245793205025615e-06
1.1157506952689155e-07
-1.0437466685764935e-06
-1.4709453702526569e-07
1.7720615624386133e-07
3.5682461077732451e-08
1.4104334717023705e-08
6.3711419306164312e-09
1.5701195138893332e-03
-5.7789622591432677e-09
-1.0769788423145262e-03
-1.0174951330589638e-03
2.5815125436676780e-04
8.9478782508082039e-05
-4.0536809896211822e-05
-5.2296477255885559e-06
5.0478057147162735e-06
6.2626977952621933e-07
-9.0842480187290443e-07
-2.6988499098848128e-07
1.4182077735048838e-07
6.0897793461299434e-08
1.3894334483181531e-08
5.3053139166690585e-09
1.5674340657729794e-03
-5.5745286778628160e-10
-1.0456051177110204e-03
-1.0017729712477924e-03
2.3825836811418720e-04
9.1259884062918020e-05
-3.7398366118203507e-05
-8.0668369446888959e-06
4.5917998965277018e-06
1.0467788083802429e-06
-7.7894887778229901e-07
-3.6045040672138585e-07
1.0868820072778413e-07
7.6379392066276124e-08
1.3281890760014211e-08
4.7890161228363698e-09
1.5594652232569603e-03
3.4435652209446247e-09
-1.0152460219266929e-03
-9.8578776555010260e-04
2.2059202725063052e-04
9.2830895763267181e-05
-3.4465536061627253e-05
-1.0399595579222684e-05
4.1599177029291060e-06
1.3873355284166906e-06
-6.5726072827316378e-07
-4.2448969723463313e-07
7.8753475216719275e-08
8.4368771617272027e-08
1.2341643689522073e-08
4.5073595842349673e-09
1.5477832898846237e-03
6.2572877536188682e-09
-9.8613132130429188e-04
-9.6984190006095810e-04
2.0484361202827001e-04
9.4188927955257733e-05
-3.1731680810002407e-05
-1.2310230793850251e-05
3.7529978932507749e-06
1.6607620325012042e-06
-5.4463114123243318e-07
-4.6738181308577056e-07
5.2538171585381851e-08
8.6776786760449426e-08
1.1191524009181917e-08
4.2432452466875353e-09
1.5335339511356406e-03
7.9260943997576274e-09
-9.5839924048344162e-04
-9.5413127536321215e-04
1.9075722436891451e-04
9.5341508153760682e-05
-2.9188757975935797e-05
-1.3867518394976481e-05
3.3716689258619497e-06
1.8787020560723626e-06
-4.4207387241292481e-07
-4.9350988682106862e-07
3.0191405947509076e-08
8.5101911608944597e-08
9.9408033197854932e-09
3.9083718869202980e-09
1.5175555289711202e-03
8.6213740854176099e-09
-9.3211873842408339e-04
-9.3878369175307702e-04
1.7811940902320647e-04
9.6302017690054337e-05
-2.6828094932117951e-05
-1.5129052746740566e-05
3.0165189709428762e-06
2.0503733967423934e-06
-3.4978007314248036e-07
-5.0621599185299130e-07
1.1515555615631668e-08
8.0558613793341738e-08
8.7246559746082451e-09
3.4512667011491784e-09
1.5004657500518501e-03
8.5034140501627401e-09
-9.0730914585447230e-04
-9.2388588670613944e-04
1.6675115359083409e-04
9.7086847477989598e-05
-2.4641057030914886e-05
-1.6143647024035384e-05
2.6871877763908193e-06
2.1832359829184387e-06
-2.6736822443473252e-07
-5.0855923432522404e-07
-3.7820376552074096e-09
7.4220264707519981e-08
7.5917747963942639e-09
2.8603505572706716e-09
1.4827252084275624e-03
7.7754903739593081e-09
-8.8395730952646804e-04
-9.0950104198895437e-04
1.5650090761186631e-04
9.7714312490115659e-05
-2.2619406782815340e-05
-1.6952125343816076e-05
2.3828944438831148e-06
2.2837207353372870e-06
-1.9443320464875352e-07
-5.0310847096804973e-07
-1.6003914225627893e-08
6.6815587813634324e-08
6.6102954798653163e-09
2.1829682900471265e-09
1.4646830567128760e-03
6.5936214677226278e-09
-8.6203136060982810e-04
-8.9567789957536602e-04
1.4724080979136358e-04
9.8204748261743674e-05
-2.0754816100468716e-05
-1.7588668870044111e-05
2.1026161602376912e-06
2.3573689056638996e-06
-1.3036441341853156e-07
-4.9188014122148066e-07
-2.5589824467428226e-08
5.8919605989443515e-08
5.8033145520448774e-09
1.4369999351960783e-09
1.4466093091045000e-03
5.1371169256935343e-09
-8.4148940946126227e-04
-8.8245482952485263e-04
1.3886443112844877e-04
9.8578603270559677e-05
-1.9038932343708181e-05
-1.8082174869312306e-05
1.8453263301040844e-06
2.4089034487000686e-06
-7.4442608702345209e-08
-4.7655462367775172e-07
-3.2897084450726938e-08
5.0958679137609065e-08
5.1790435808693161e-09
6.7201079755792903e-10
1.4287188073710314e-03
3.5147064422226744e-09
-8.2228427132025311e-04
-8.6986264095656549e-04
1.3128298208861104e-04
9.8853723133821131e-05
-1.7463774640340448e-05
-1.8457008791873906e-05
1.6098819331591474e-06
2.4422606749432819e-06
-2.5938734812138862e-08
-4.5846651033725421e-07
-3.8316924926259738e-08
4.3212348133448243e-08
4.7302999676383598e-09
-8.4678949911034903e-11
1.4111881834407366e-03
1.8564033840834566e-09
-8.0436696683895096e-04
-8.5792722500729109e-04
1.2442042258733229e-04
9.9044974739248838e-05
-1.6021172408651840e-05
-1.8733456866317017e-05
1.3950121014158592e-06
2.4608083355114881e-06
1.5926605360549590e-08
-4.3867917374048639e-07
-4.2176029030949822e-08
3.5881052616079480e-08
4.4436424021727124e-09
-7.9992698160781157e-10
1.3941681277490374e-03
2.1819227698660695e-10
-7.8768989979399772e-04
-8.4667124018844065e-04
1.1821083545791740e-04
9.9165406689707196e-05
-1.4702929773914147e-05
-1.8929262693730007e-05
1.1994551380434227e-06
2.4675782681337844e-06
5.1859920068444898e-08
-4.1806804069069742e-07
-4.4783547141918237e-08
2.9082534305724611e-08
4.2929402791086999e-09
-1.4586620283635515e-09
1.3777893056621917e-03
-1.3204241452079077e-09
-7.7220935914764158e-04
-8.3611421298528316e-04
1.1259687684466616e-04
9.9226762317377681e-05
-1.3501542071669263e-05
-1.9059716173282192e-05
1.0221287886835316e-06
2.4650834289599157e-06
8.2544259651412952e-08
-3.9726009736088985e-07
-4.6392456914929887e-08
2.2875622616405597e-08
4.2584907963041472e-09
-2.0429891793688619e-09
1.3621655630752956e-03
-2.7446034149969153e-09
-7.5788720050999994e-04
-8.2627159468359301e-04
1.0752875848522866e-04
9.9239760356740328e-05
-1.2410082414799177e-05
-1.9137819267213481e-05
8.6185591621172957e-07
2.4554337919369486e-06
1.0863106303042006e-07
-3.7677743448746992e-07
-4.7237194251399700e-08
1.7288577365292366e-08
4.3108627868289559e-09
-2.5513799526944568e-09
1.3473950340389665e-03
-4.0113453336373339e-09
-7.4469095978380528e-04
-8.1715317467852700e-04
1.0296324601111381e-04
9.9214026902039477e-05
-1.1421980217080911e-05
-1.9174526190919893e-05
7.1755270880849474e-07
2.4404802262667940e-06
1.3069794231282655e-07
-3.5699548426141603e-07
-4.7493396899595399e-08
1.2312047113602643e-08
4.4323172463354367e-09
-2.9771722007410474e-09
1.3335592868907152e-03
-5.1343534817758314e-09
-7.3259245346135376e-04
-8.0876220907291066e-04
9.8862828305039470e-05
9.9157911019403551e-05
-1.0531098559911554e-05
-1.9179264407406306e-05
5.8817483505493837e-07
2.4217872901716950e-06
1.4927735355177071e-07
-3.3820558662075724e-07
-4.7329787203614130e-08
7.9263820792318659e-09
4.5971160981902748e-09
-3.3293595902471882e-09
1.3207231717621639e-03
-6.0929859783222721e-09
-7.2156638317223470e-04
-8.0109620595855485e-04
9.5194347635056602e-05
9.9078703914383910e-05
-9.7317630533097221e-06
-1.9160028868832722e-05
4.7276301171171347e-07
2.4006952026395631e-06
1.6484130270370613e-07
-3.2060973298967482e-07
-4.6861057209981883e-08
4.0932951229222009e-09
4.7925800034021298e-09
-3.6081415125317784e-09
1.3089357152102389e-03
-6.9150804693382612e-09
-7.1158966136546564e-04
-7.9414788491439007e-04
9.1928716680595042e-05
9.8983333600868308e-05
-9.0187947644371580e-06
-1.9123749501682888e-05
3.7041075618729702e-07
2.3783472664670928e-06
1.7780910416883570e-07
-3.0436193139177156e-07
-4.6203098188427368e-08
7.7496044383646562e-10
4.9991489356484223e-09
-3.8265857575050143e-09
1.2982305820685538e-03
-7.5902739787193478e-09
-7.0264048457635130e-04
-7.8790629314457426e-04
8.9040796245947284e-05
9.8878185422186514e-05
-8.3875519249065307e-06
-1.9076193909589854e-05
2.8031044544134644e-07
2.3556996168693400e-06
1.8854983091315509e-07
-2.8955387277001797e-07
-4.5426518510429279e-08
-2.0752846898622474e-09
5.2101273665391803e-09
-3.9880908555305716e-09
1.2886281521821599e-03
-8.1554375904105313e-09
-6.9469756975641748e-04
-7.8235844204553378e-04
8.6508980422351600e-05
9.8769038204520835e-05
-7.8338333714809168e-06
-1.9022290415970832e-05
2.0169550003649478e-07
2.3335716294199342e-06
1.9738152153407920e-07
-2.7625959700916504e-07
-4.4609928764754818e-08
-4.4970065324508894e-09
5.4113920802845973e-09
-4.1069529628325978e-09
1.2801407061190963e-03
-8.6024166360631924e-09
-6.8774023841566433e-04
-7.7749172637177929e-04
8.4314722682121997e-05
9.8661045049987798e-05
-7.3539081115753297e-06
-1.8966140829560789e-05
1.3391427511141846e-07
2.3126350562201369e-06
2.0457949374643911e-07
-2.6450911469711303e-07
-4.3792435556972340e-08
-6.5341670725437665e-09
5.6011099085275508e-09
-4.1867821022514216e-09
1.2727748969610774e-03
-8.9656593156643999e-09
-6.8174927128991127e-04
-7.7329503395960782e-04
8.2442458102978899e-05
9.8558782773375253e-05
-6.9445007780532066e-06
-1.8911207132111073e-05
7.6357719435815380e-08
2.2934658993527949e-06
2.1037752547637840e-07
-2.5433154199235681e-07
-4.3026020521869146e-08
-8.2205994041446937e-09
5.7696029020772860e-09
-4.2409623038367260e-09
1.2665353979352341e-03
-9.2406039764066543e-09
-6.7670772099934771e-04
-7.6975932606911384e-04
8.0879190180457438e-05
9.8466064634419292e-05
-6.6028140553382977e-06
-1.8860280459305677e-05
2.8529707806669366e-08
2.2765189477922913e-06
2.1497074518214594e-07
-2.4572685496919261e-07
-4.2329572836720392e-08
-9.5925747461141499e-09
5.9180550191912153e-09
-4.2717497097717639e-09
1.2614267846141147e-03
-9.4581970603795303e-09
-6.7260155772175679e-04
-7.6687731433291810e-04
7.9614238404077594e-05
9.8386041007903754e-05
-6.3264579431613978e-06
-1.8815685078496982e-05
-1.0019693421875643e-08
2.2621790752670031e-06
2.1851978869657965e-07
-2.3870088350087807e-07
-4.1738442376105540e-08
-1.0674950681751193e-08
6.0394009167114463e-09
-4.2904827746843780e-09
1.2574519713827715e-03
-9.6069616647365599e-09
-6.6941958801984244e-04
-7.6464274722566432e-04
7.8639022431976175e-05
9.8321201863440740e-05
-6.1135046874675060e-06
-1.8779191126816363e-05
-3.9628202797424908e-08
2.2507336937659613e-06
2.2115162541271819e-07
-2.3324363168071758e-07
-4.1258113978091785e-08
-1.1494302274437006e-08
6.1369858411168646e-09
-4.2973856868694153e-09
1.2546120408188175e-03
-9.7159973853894774e-09
-6.6715309689957493e-04
-7.6305035889689130e-04
7.7947051465882030e-05
9.8273518773846213e-05
-5.9624675812081940e-06
-1.8752191564081424e-05
-6.0587790743004138e-08
2.2424028325231335e-06
2.2296451120667441e-07
-2.2935484146167092e-07
-4.0911721899696436e-08
-1.2065154724266389e-08
6.2050746060823275e-09
-4.3015318090880422e-09
1.2529078653527696e-03
-9.7711755125355483e-09
-6.6579573237634257e-04
-7.6209642518360726e-04
7.7533675303308042e-05
9.8244352316247645e-05
-5.8722653726220151e-06
-1.8735604854585410e-05
-7.3078517956051895e-08
2.2373439547436752e-06
2.2402492000934343e-07
-2.2702096187217778e-07
-4.0696220798156539e-08
-1.2403898751681377e-08
6.2480324699063119e-09
-4.3008615426025350e-09
1.2523399614117708e-03
-9.7968660076919677e-09
-6.6534369961712063e-04
-7.6177871403164345e-04
7.7396189716403275e-05
9.8234540267721208e-05
-5.8422686497344937e-06
-1.8730026002727717e-05
-7.7234392186338892e-08
2.2356505193850419e-06
2.2437354023181457e-07
-2.2624636968584969e-07
-4.0627986022082216e-08
-1.2514833318841247e-08
6.2607661082349805e-09
-4.3019806022937766e-09
3.6228994480191237e-03
5.6685980876127673e-05
1.4777244131306653e-02
6.2114197272868080e-05
1.7020583532470065e-04
-5.4774909604690344e-05
-6.9698072500608797e-05
1.5539876084623078e-04
-7.2554479559216404e-05
-1.0940451263523873e-04
9.2951545029374644e-05
-6.7047122777201660e-06
-2.5999831195743191e-05
5.8500755163000145e-05
-2.7552732150981064e-05
-3.3573703083913204e-05
3.5952668591364349e-03
5.3178351523638240e-05
4.4375752853708002e-06
5.6647848174444011e-05
1.6877017253023727e-04
-5.4069534128727366e-05
-6.6629379575606584e-05
1.5364028046415581e-04
-7.2763355574517632e-05
-1.0539106017453931e-04
8.9827359191688944e-05
-8.6166033669065746e-06
-2.3419890954847910e-05
5.6875503922697807e-05
-2.7170190976339735e-05
-3.1183666991627459e-05
3.5133339551367973e-03
4.3497896893661465e-05
1.7180212382618607e-05
4.1095209803980001e-05
1.6425945958608584e-04
-5.2388144131541047e-05
-5.7632580519053042e-05
1.4829086417993001e-04
-7.3001269319652274e-05
-9.3775945335633493e-05
8.0730267344611653e-05
-1.3675693913299375e-05
-1.6430769014723127e-05
5.1980978910062921e-05
-2.5785367631116428e-05
-2.4652517847420287e-05
3.3799553306522565e-03
3.0025712653255755e-05
3.6643016886403715e-05
1.7869466635853220e-05
1.5607946001006340e-04
-5.0844536471311564e-05
-4.3358929190886696e-05
1.3914908553830195e-04
-7.2245462868107162e-05
-7.5833138883384248e-05
6.6563772190879388e-05
-2.0081146242428391e-05
-7.0541415769217345e-06
4.3946931802341045e-05
-2.2926216987104185e-05
-1.5727138318284181e-05
3.1997605075202019e-03
1.6100920908775278e-05
6.0563420501853989e-05
-9.4158771056589808e-06
1.4334269590665410e-04
-5.0728024765966709e-05
-2.4966663745054851e-05
1.2595992449267610e-04
-6.9223969824225930e-05
-5.3637663507742139e-05
4.8980889921836359e-05
-2.5536836908690662e-05
2.0799192907559647e-06
3.3437459762319597e-05
-1.8417797853767415e-05
-6.7348031717690729e-06
2.9789813114758923e-03
4.8996010945287328e-06
8.6451780307688733e-05
-3.6503458016110837e-05
1.2512640593698415e-04
-5.2888765483049471e-05
-4.1848133679544274e-06
1.0857835559438280e-04
-6.2923544925947282e-05
-2.9883672930258041e-05
3.0313099818012243e-05
-2.8089494913938060e-05
8.6672115870564052e-06
2.1849185533267467e-05
-1.2774546560869651e-05
2.3090088389604302e-07
2.7252353507900280e-03
-1.8041109946251184e-06
1.1204490610980642e-04
-5.9138125487986154e-05
1.0088126835215807e-04
-5.7293049042579861e-05
1.6737343762750317e-05
8.7239187849017614e-05
-5.3062477958621887e-05
-7.5062704654545030e-06
1.3150452942614170e-05
-2.6853555504288855e-05
1.1560161904358219e-05
1.1033177678922593e-05
-7.1021666851541605e-06
4.0832461334074174e-06
2.4472461946685540e-03
-4.1834150771738544e-06
1.3567959095550620e-04
-7.3688618910716774e-05
7.0837441960269502e-05
-6.2958395852725263e-05
3.5324093021211227e-05
6.2843672572593208e-05
-4.0349913509717506e-05
1.0876600827930837e-05
-3.3777765282075397e-07
-2.2283465150440975e-05
1.1053508793568160e-05
2.6265372492810511e-06
-2.5499733069143167e-06
5.0203515290671935e-06
2.1544526770938171e-03
-3.8010566367200578e-06
1.5652203059193619e-04
-7.7654697704836477e-05
3.6207526407302223e-05
-6.8278403008401837e-05
4.9413099214356555e-05
3.7065031760017127e-05
-2.6374708586956050e-05
2.3564660869339410e-05
-9.0221956413514055e-06
-1.5851763748883769e-05
8.4684690716786661e-06
-2.5755967943611270e-06
2.6496250637722638e-07
4.1317159413229007e-06
1.8564785637725750e-03
-2.4385959824914988e-06
1.7459472166549058e-04
-6.9985396206700384e-05
-9.1574372968666790e-07
-7.1567243671322053e-05
5.7737742097238613e-05
1.2112445067038083e-05
-1.3106724113725424e-05
3.0160998849623461e-05
-1.3032849531865339e-05
-9.3241041259988194e-06
5.3437158870359852e-06
-4.7939249547648416e-06
1.4417810255699744e-06
2.6515480633882908e-06
1.5624922485247118e-03
-1.2242039896620492e-06
1.9058589807712838e-04
-5.1139685765786265e-05
-3.7928692727272158e-05
-7.1596228392080662e-05
6.0246685607127764e-05
-9.8056941997784875e-06
-2.2302359476182725e-06
3.1518399585020168e-05
-1.3471719860748036e-05
-4.0462531579398219e-06
2.7588222207062492e-06
-4.9317552248273989e-06
1.5381264713561332e-06
1.3893572619793883e-06
1.2805497248999220e-03
-5.0167427174955041e-07
2.0550959975790413e-04
-2.2865352569668897e-05
-7.2230390690346399e-05
-6.7937393598192975e-05
5.7980704228274454e-05
-2.7064327607206917e-05
5.3483365152252723e-06
2.9261637112764401e-05
-1.1819245172496420e-05
-5.9289997378693541e-07
1.1128906127647795e-06
-4.0321332986809274e-06
1.1625046025665889e-06
6.1026214772306461e-07
1.0170528511398668e-03
-1.7434419080467983e-07
2.2034029519487941e-04
1.2241357344038026e-05
-1.0172430230157564e-04
-6.1011768938804688e-05
5.2597493933154656e-05
-3.8962527308625256e-05
9.6038963104726851e-06
2.5148151024420919e-05
-9.3773040152908405e-06
1.1535737463065178e-06
3.0200641606047965e-07
-2.8777573529349512e-06
7.1898448442495395e-07
2.3784460095845958e-07
7.7643993503404712e-04
-5.5444450017755949e-08
2.3573776719278992e-04
5.1266637056879817e-05
-1.2514986219240635e-04
-5.1859119938881729e-05
4.5812358941844347e-05
-4.5711594188693430e-05
1.1147092165637844e-05
2.0575768765788088e-05
-6.9840934091855408e-06
1.6803119226637554e-06
2.5359268332390394e-08
-1.8762728286623521e-06
3.7780727742795571e-07
1.0027146864445725e-07
5.6115728911970361e-04
-1.8740588467294667e-08
2.5192721958022416e-04
9.1462605830963317e-05
-1.4215479978243805e-04
-4.1765379975149046e-05
3.8989147436054849e-05
-4.8160775227146304e-05
1.0844119896936124e-05
1.6390831848442051e-05
-5.0162137319388304e-06
1.5235732608951032e-06
4.6880350726769521e-09
-1.1479980124545935e-06
1.6379811444816012e-07
6.2928271046481485e-08
3.7187797728979835e-04
-6.2504004259873364e-09
2.6873220645449341e-04
1.3058410673403063e-04
-1.5313806756254023e-04
-3.1917531086024658e-05
3.2973321382610185e-05
-4.7435553933359877e-05
9.5090092212886022e-06
1.2949050247337698e-05
-3.5433697408530742e-06
1.0902332564371053e-06
6.4493494606141528e-08
-6.6723247611713810e-07
4.6257395604077553e-08
5.4323655234881386e-08
2.0787792972808022e-04
1.1959867703024379e-09
2.8570618059731655e-04
1.6704300105385757e-04
-1.5897375430621536e-04
-2.3191997932349564e-05
2.8129339108142762e-05
-4.4637461969554089e-05
7.7517267520923362e-06
1.0287032902261976e-05
-2.4926504489280234e-06
6.2102236708433525e-07
1.2252870856026946e-07
-3.6557989151970633e-07
-1.1785263004401286e-08
4.7471569252128424e-08
6.7465771765182867e-05
6.8679006782034125e-09
3.0229243939642545e-04
1.9990378659235153e-04
-1.6073174607094838e-04
-1.6093109213043523e-05
2.4482019939234322e-05
-4.0672525362663366e-05
5.9564250442058748e-06
8.2878037748407717e-06
-1.7547926813999073e-06
2.2719958793039346e-07
1.5316153799723136e-07
-1.8030090512101284e-07
-3.7062169078555155e-08
3.7124807991397879e-08
-5.1616479129716725e-05
1.0430157472846781e-08
3.1795837747485998e-04
2.2877727893370520e-04
-1.5946771106566256e-04
-1.0798793295083678e-05
2.1869946853153243e-05
-3.6198514848913449e-05
4.3257761502104956e-06
6.7912657310933193e-06
-1.2326760614957073e-06
-5.8566097196421068e-08
1.5669472219703134e-07
-6.7277181198088497e-08
-4.5237860357687792e-08
2.5087322701734869e-08
-1.5186936039286310e-04
1.2039265978581215e-08
3.3227963122924432e-04
2.5367215757401160e-04
-1.5610275917492285e-04
-7.2537064013630717e-06
2.0062373291385032e-05
-3.1645544610273687e-05
2.9408513751527149e-06
5.6506488483083275e-06
-8.5522195628240746e-07
-2.4240654450317841e-07
1.4154575965586334e-07
9.5355786749350873e-10
-4.4756089698776386e-08
1.3728017842071410e-08
-2.3580330455418185e-04
1.2309076526069418e-08
3.4497410076763421e-04
2.7484924989990749e-04
-1.5137729941312955e-04
-5.2641584686696152e-06
1.8830409310158867e-05
-2.7266598033634240e-05
1.8126415431227885e-06
4.7530565168291933e-06
-5.7554404317083260e-07
-3.4463276549489436e-07
1.1641101826585697e-07
4.0783293665081965e-08
-4.0221967897517766e-08
4.4296359884578497e-09
-3.0579032880941363e-04
1.1777095025888200e-08
3.5589964852230917e-04
2.9270287091755898e-04
-1.4585116561431356e-04
-4.5730588304514459e-06
1.7981529072342661e-05
-2.3191809945412970e-05
9.1842519187836721e-07
4.0204375403277720e-06
-3.6422121383989841e-07
-3.8729910904702571e-07
8.7920748340818234e-08
6.2092420732552460e-08
-3.4173130059739135e-08
-2.3016627260302222e-09
-3.6398246658201180e-04
1.0832822950950196e-08
3.6503185396886479e-04
3.0767600145812182e-04
-1.3992652436218083e-04
-4.9110211551652915e-06
1.7369418306059570e-05
-1.9474302699391310e-05
2.2361259114947580e-07
3.4024119601288676e-06
-2.0299535600775045e-07
-3.8931900092038290e-07
6.0397550417494908e-08
7.1033635865554777e-08
-2.7949653802466065e-08
-6.5671090987678336e-09
-4.1227739380648423e-04
9.7462405018931308e-09
3.7243476065161797e-04
3.2020588889093547e-04
-1.3387906077352190e-04
-6.0269061141015294e-06
1.6890277414768626e-05
-1.6123047629880046e-05
-3.0706391000500146e-07
2.8677089630510059e-06
-8.0298653020863462e-08
-3.6518510390668162e-07
3.6234646700491767e-08
7.1644890412562301e-08
-2.2228470014576130e-08
-8.8108841590503557e-09
-4.5231440997671641e-04
8.6457018024589344e-09
3.7823170434282438e-04
3.3069310620382998e-04
-1.2788923936896872e-04
-7.7029675249165211e-06
1.6474338727613224e-05
-1.3123516502805216e-05
-7.0491045101253749e-07
2.3970508114468567e-06
1.1732405485020967e-08
-3.2523046258079301e-07
1.6435713028287321e-08
6.6773818446132929e-08
-1.7315679694217716e-08
-9.5776481440235549e-09
-4.8548835352096224e-04
7.5642068573046050e-09
3.8258021871693469e-04
3.3948718479943847e-04
-1.2206913721240669e-04
-9.7594381247531545e-06
1.6077306105246604e-05
-1.0450017820828497e-05
-9.9615719365310404e-07
1.9782032942429005e-06
7.9048659514391478e-08
-2.7659270911738627e-07
1.1462081238323946e-09
5.8572530482461755e-08
-1.3299602929437321e-08
-9.3784800042280051e-09
-5.1297276950377807e-04
6.5087887764450008e-09
3.8565263075998407e-04
3.4688310007909142e-04
-1.1648346909520466e-04
-1.2053104633201073e-05
1.5673015387802161e-05
-8.0729060566716778e-06
-1.2023433092155957e-06
1.6030409806424886e-06
1.2647258453010249e-07
-2.2426344306913853e-07
-9.9175586895459721e-09
4.8695869788664545e-08
-1.0152379005866890e-08
-8.6247710323275179e-09
-5.3574677675533586e-04
5.4720006772384805e-09
3.8762194195849156e-04
3.5312402609638001e-04
-1.1116523600497866e-04
-1.4473228427595006e-05
1.5247575234857062e-05
-5.9623120877522228e-06
-1.3410137570838855e-06
1.2659460775142968e-06
1.5791884867444128e-07
-1.7174523412726205e-07
-1.7218946809517149e-08
3.8342370127075991e-08
-7.7781153613396219e-09
-7.5972460821112721e-09
-5.5462221474732610e-04
4.4425984925555415e-09
3.8865268912063422e-04
3.5840740911807377e-04
-1.0612691118013542e-04
-1.6936263440682190e-05
1.4795134907981081e-05
-4.0898808228205849e-06
-1.4263450414347056e-06
9.6286093311833344e-07
1.7654772692848452e-07
-1.2137862370058566e-07
-2.1326954768080856e-08
2.8298992264306630e-08
-6.0335541493447032e-09
-6.4753505476812425e-09
-5.7026915285703441e-04
3.4378220477578586e-09
3.8889572830811997e-04
3.6289220804792255e-04
-1.0136803692590918e-04
-1.9380584372485291e-05
1.4315039537753420e-05
-2.4295277607924697e-06
-1.4697238018559941e-06
6.9066263395926258e-07
1.8497908416407628e-07
-7.4597038782430864e-08
-2.2871318705469345e-08
1.9059458447020638e-08
-4.7674017642101759e-09
-5.3796000948460816e-09
-5.8323881638667628e-04
2.4900657383677145e-09
3.8848587794175813e-04
3.6670609548907781e-04
-9.6880241010908246e-05
-2.1762037270674776e-05
1.3809877602784900e-05
-9.5771615305729691e-07
-1.4802768158119094e-06
4.4678038583597515e-07
1.8543032740008030e-07
-3.2204849692684325e-08
-2.2460829714348512e-08
1.0930107522761865e-08
-3.8594181356070525e-09
-4.3802092082655037e-09
-5.9398351734721408e-04
1.6280606688994293e-09
3.8754153081235179e-04
3.6995174323068190e-04
-9.2650652257516040e-05
-2.4050365862974429e-05
1.3284074573319212e-05
3.4651803083005858e-07
-1.4653123266992674e-06
2.2895787033872309e-07
1.7976617991493914e-07
5.4148280115291877e-09
-2.0623009633084063e-08
4.0612701765947219e-09
-3.2147014883524187e-09
-3.4995082647496373e-09
-6.0287367749011064e-04
8.7987529000392619e-10
3.8616560325033169e-04
3.7271198284932240e-04
-8.8664396938310282e-05
-2.6226180067186110e-05
1.2742921363491396e-05
1.5016806286118390e-06
-1.4307090616946882e-06
3.5109323206876926e-08
1.6953840201631427e-07
3.8176864676159649e-08
-1.7806653365868530e-08
-1.5246716161778561e-09
-2.7529528551503116e-09
-2.7358556822538400e-09
-6.1021220877120904e-04
2.6882107788092060e-10
3.8444663665605051e-04
3.7505383452158511e-04
-8.4906378224673941e-05
-2.8278427812608824e-05
1.2191944076122744e-05
2.5241237119920291e-06
-1.3812378508190926e-06
-1.3672537803975215e-07
1.5602896217918399e-07
6.6205082144323068e-08
-1.4388619999492027e-08
-5.8825973099709603e-09
-2.4171980078052941e-09
-2.0808230986232724e-09
-6.1624666809033553e-04
-1.9030132436331005e-10
3.8246011618432751e-04
3.7703181790834224e-04
-8.1362328052585339e-05
-3.0202091543065303e-05
1.1636540711004586e-05
3.4282729494186014e-06
-1.3207785006228162e-06
-2.8837372145385394e-07
1.4028866359056557e-07
8.9750496329350013e-08
-1.0666404829158389e-08
-9.1102109495034207e-09
-2.1714779466791835e-09
-1.5186599065706109e-09
-6.2117953256736480e-04
-4.9421435376512332e-10
3.8026996408062032e-04
3.7869067763354422e-04
-7.8019216316701272e-05
-3.1996232618518140e-05
1.1081739541817994e-05
4.2268022377905853e-06
-1.2524569073790637e-06
-4.2154849612013263e-07
1.2315922884585266e-07
1.0914364027693499e-07
-6.8622760389556218e-09
-1.1338258462425225e-08
-1.9908714119638339e-09
-1.0315813650338987e-09
-6.2517687955388943e-04
-6.4723891159859833e-10
3.7792972194456077e-04
3.8006765884673215e-04
-7.4865281206152299e-05
-3.3662744982051448e-05
1.0531968101447238e-05
4.9308715394991327e-06
-1.1787832165726717e-06
-5.3787930745394102e-07
1.0530481753369225e-07
1.2476782761253617e-07
-3.1418794206187743e-09
-1.2710930901998343e-08
-1.8590708446506202e-09
-6.0514492237257469e-10
-6.2837562980590450e-04
-6.6100611155943089e-10
3.7548396821889923e-04
3.8119441802385691e-04
-7.1889971811905812e-05
-3.5205422216731540e-05
9.9909774655049896e-06
5.5504324361725632e-06
-1.1017697064315720e-06
-6.3893980953631249e-07
8.7249410463821128e-08
1.3703376393217871e-07
3.7827065772625030e-10
-1.3370052878773121e-08
-1.7658411289536687e-09
-2.2734535261335742e-10
-6.3088961079767419e-04
-5.5299616709858723e-10
3.7296961705177704e-04
3.8209851038460674e-04
-6.9083829767208369e-05
-3.6629253448752875e-05
9.4619191045824366e-06
6.0944387078337290e-06
-1.0230643437778352e-06
-7.2623881402729596e-07
6.9406645955644161e-08
1.4634694804136308e-07
3.6215156671125268e-09
-1.3449529508544119e-08
-1.7063079806997003e-09
1.1017734590006452e-10
-6.3281449068668116e-04
-3.4336552070576758e-10
3.7041715620089282e-04
3.8280461837357645e-04
-6.6438385527116351e-05
-3.7940005578366517e-05
8.9474276944099995e-06
6.5709800671039225e-06
-9.4401391229657593e-07
-8.0118286149415397e-07
5.2082724799328590e-08
1.5308965136092038e-07
6.5470095667511399e-09
-1.3071201200526116e-08
-1.6759815019943989e-09
4.1378760840964557e-10
-6.3423179267289344e-04
-5.4403251279511447e-11
3.6785178191373242e-04
3.8333539596114229e-04
-6.3946030203900755e-05
-3.9143914997291084e-05
8.4496779288221744e-06
6.9873531053600896e-06
-8.6569545996427667e-07
-8.6506773653942938e-07
3.5493760630628672e-08
1.5762445929134967e-07
9.1375939292868789e-09
-1.2344562224645362e-08
-1.6719979284645035e-09
6.8749060719428660e-10
-6.3521206614578808e-04
2.9299231830244695e-10
3.6529465636168305e-04
3.8371202446005809e-04
-6.1599929220305645e-05
-4.0247370334726226e-05
7.9704476146930645e-06
7.3501408545612630e-06
-7.8895625869177448e-07
-9.1910089034428889e-07
1.9790882638998655e-08
1.6029337937930248e-07
1.1392386563352108e-08
-1.1363443089231387e-08
-1.6918608574491045e-09
9.3348443368190917e-10
-6.3581727796345683e-04
6.7833010708545925e-10
3.6276367880200765e-04
3.8395448731680588e-04
-5.9393953749659224e-05
-4.1256816361049229e-05
7.5111403800827986e-06
7.6652652124193564e-06
-7.1445979319362268e-07
-9.6440283762828166e-07
5.0733813364316010e-09
1.6140466448629552e-07
1.3323732758516894e-08
-1.0206541975165986e-08
-1.7327385625993189e-09
1.1534188962566702e-09
-6.3610269829630255e-04
1.0838471893519249e-09
3.6027425154648254e-04
3.8408163338574694e-04
-5.7322631509011457e-05
-4.2178591172783539e-05
7.0728232730084639e-06
7.9380573175703551e-06
-6.4271738924898669e-07
-1.0020087282264034e-06
-8.6069978943188606e-09
1.6123675928184029e-07
1.4952949499943795e-08
-8.9389217575753388e-09
-1.7918157853668950e-09
1.3478479919643285e-09
-6.3611826130071302e-04
1.4949807646806534e-09
3.5783987446119989e-04
3.8411120313131995e-04
-5.5381049685991551e-05
-4.3018680415326763e-05
6.6562810106939237e-06
8.1733384329924183e-06
-5.7411788015897198e-07
-1.0328669347906123e-06
-2.1228099383286722e-08
1.6003794104534548e-07
1.6305403868828235e-08
-7.6134624497345373e-09
-1.8655543177785137e-09
1.5180202097117462e-09
-6.3590956556507626e-04
1.8991386675908507e-09
3.5547242860307758e-04
3.8405983402687904e-04
-5.3564689386959151e-05
-4.3782720470988379e-05
6.2620419752563789e-06
8.3754503091390275e-06
-5.0893896686939145e-07
-1.0578459025341177e-06
-3.2796538005462374e-08
1.5802772663334366e-07
1.7410189414832737e-08
-6.2712976869261533e-09
-1.9510078701125182e-09
1.6648387816298839e-09
-6.3551847900429517e-04
2.2859632556213313e-09
3.5318256557301519e-04
3.8394304785299775e-04
-5.1869348878869005e-05
-4.4476054223283801e-05
5.8904196975185690e-06
8.5483151429948199e-06
-4.4737744997322962e-07
-1.0777416758194133e-06
-4.3337001088002425e-08
1.5539902062619120e-07
1.8296319731166344e-08
-4.9444299356925895e-09
-2.0444268360163558e-09
1.7890964770638529e-09
-6.3498353318258423e-04
2.6496636534949539e-09
3.5098002745631769e-04
3.8377515291081063e-04
-5.0291089657671312e-05
-4.5103630055866365e-05
5.5415750842332562e-06
8.6955004555816208e-06
-3.8956472473695994e-07
-1.0932778405399160e-06
-5.2886813361675524e-08
1.5231885817533300e-07
1.8993023440042875e-08
-3.6583416889143803e-09
-2.1435150181601847e-09
1.8924403784120049e-09
-6.3433998362019163e-04
2.9864021612169722e-09
3.4887377541944960e-04
3.8356910046740799e-04
-4.8826248996641478e-05
-4.5670130632751810e-05
5.2155463738287996e-06
8.8202097672517867e-06
-3.3557552752378280e-07
-1.1051042691812298e-06
-6.1493499872032692e-08
1.4893048507335245e-07
1.9527078312151604e-08
-2.4305546066024869e-09
-2.2454826644281876e-09
1.9767583171998767e-09
-6.3361978767891534e-04
3.2918115206927288e-09
3.4687205213009220e-04
3.8333639616964160e-04
-4.7471418669634477e-05
-4.6179943669125832e-05
4.9122628463752192e-06
8.9253032520071713e-06
-2.8543915229422726e-07
-1.1138097134656629e-06
-6.9210520451024454e-08
1.4535943111521091e-07
1.9924849309390162e-08
-1.2732167306463093e-09
-2.3476079912197058e-09
2.0434359560857428e-09
-6.3285149979137379e-04
3.5643643547969172e-09
3.4498240332388576e-04
3.8308701333815241e-04
-4.6223433126549798e-05
-4.6637096655140171e-05
4.6315704636315791e-06
9.0133693985139120e-06
-2.3914718217340841e-07
-1.1199221866918809e-06
-7.6094157183128821e-08
1.4170944520387163e-07
2.0209419132271716e-08
-1.9504836402643625e-10
-2.4478684381314654e-09
2.0940788302465116e-09
-6.3206028182412734e-04
3.8058504662377579e-09
3.4321155688619770e-04
3.8282946724907055e-04
-4.5079342337493294e-05
-4.7045336372280948e-05
4.3732538398952250e-06
9.0867147231397002e-06
-1.9667045228440648e-07
-1.1239155834991148e-06
-8.2202355674974299e-08
1.3807065860387591e-07
2.0401880856380791e-08
7.9873587187962410e-10
-2.5439421240080331e-09
2.1310682069892192e-09
-6.3126781833063212e-04
4.0160395110384130e-09
3.4156541956824766e-04
3.8257092608811070e-04
-4.4036411494705650e-05
-4.7408161863206273e-05
4.1370554148369219e-06
9.1473839819622177e-06
-1.5796033158236798e-07
-1.1262107819880827e-06
-8.7590751804027208e-08
1.3451827713738346e-07
2.0520531191966672e-08
1.7059484620303194e-09
-2.6350275321362354e-09
2.1563546249634838e-09
-6.3049264758836495e-04
4.1978013924885070e-09
3.4004909632045984e-04
3.8231740283843987e-04
-4.3092153102828917e-05
-4.7728766765856674e-05
3.9226976760536047e-06
9.1972212867142742e-06
-1.2295188208071533e-07
-1.1271809130377636e-06
-9.2314449310360657e-08
1.3111480244869806e-07
2.0581727036174402e-08
2.5257601992793588e-09
-2.7200798627718080e-09
2.1728052524935167e-09
-6.2975042004209517e-04
4.3520926316563720e-09
3.3866682044357305e-04
3.8207395423768710e-04
-4.2244325347562785e-05
-4.8010079905835905e-05
3.7298855706143530e-06
9.2378322955131197e-06
-9.1573777217565027e-08
-1.1271529261853036e-06
-9.6425876102696279e-08
1.2791211036613369e-07
2.0599718292349500e-08
3.2580422779122332e-09
-2.7980189501015396e-09
2.1809064414568842e-09
-6.2905415758791731e-04
4.4826827114925737e-09
3.3742209164230630e-04
3.8184487609749137e-04
-4.1490930791592345e-05
-4.8254790603080306e-05
3.5583228167242395e-06
9.2706190144101303e-06
-6.3753307063885187e-08
-1.1264148568437041e-06
-9.9971196175692856e-08
1.2495464846758243e-07
2.0587569003358456e-08
3.9056179343946771e-09
-2.8680193894463856e-09
2.1831861584295191e-09
-6.2841508220843343e-04
4.5917608544621097e-09
3.3631773085025969e-04
3.8163397158062513e-04
-4.0830209305675629e-05
-4.8465228258838992e-05
3.4077222819002514e-06
9.2968190483374301e-06
-3.9415073382688360e-08
-1.1252151614364592e-06
-1.0299535784360151e-07
1.2227653763688880e-07
2.0555578759656489e-08
4.4694317297223651e-09
-2.9299261522269448e-09
2.1818775029942796e-09
-6.2784264653406921e-04
4.6813167641781122e-09
3.3535610812526360e-04
3.8144460571063772e-04
-4.0260644513063475e-05
-4.8643479698460819e-05
3.2778117573844542e-06
9.3174778588617562e-06
-1.8488051344009170e-08
-1.1237646637862604e-06
-1.0553685967262999e-07
1.1990767556714539e-07
2.0511310959547302e-08
4.9515678272226676e-09
-2.9844028964208952e-09
2.1773882727204535e-09
-6.2734494601484074e-04
4.7513449768320026e-09
3.3453917184686092e-04
3.8127968371677286e-04
-3.9780905639596988e-05
-4.8791338248415409e-05
3.1683412614900995e-06
9.3334962983460532e-06
-9.0206036971264602e-10
-1.1222452554022904e-06
-1.0762780372712145e-07
1.1786875155190656e-07
2.0462907106195455e-08
5.3556036103753044e-09
-3.0292637473751482e-09
2.1713791174556220e-09
-6.2692892750574507e-04
4.8066580906004454e-09
3.3386861214627407e-04
3.8114162603876059e-04
-3.9389891369738829e-05
-4.8910291204994367e-05
3.0790914534886780e-06
9.3456142922763323e-06
1.3401033307228792e-08
-1.1208072844995240e-06
-1.0929921347173632e-07
1.1617640417728913e-07
2.0415038252232720e-08
5.6819942551370330e-09
-3.0667167358392388e-09
2.1650066690298884e-09
-6.2660005491422708e-04
4.8455412247736575e-09
3.3334574706543542e-04
3.8103233191206029e-04
-3.9086714063789670e-05
-4.9001532402234983e-05
3.0098741460880336e-06
9.3544277789818039e-06
2.4466930803948022e-08
-1.1195689431157455e-06
-1.1057437607131727e-07
1.1484885119309835e-07
2.0371968294645290e-08
5.9355502916406599e-09
-3.0943051935183177e-09
2.1585633657098525e-09
-6.2636191411484163e-04
4.8729930745076330e-09
3.3297159188877529e-04
3.8095327551360700e-04
-3.8870677377047776e-05
-4.9066005010018822e-05
2.9605539313598733e-06
9.3603917464673594e-06
3.2350064689004779e-08
-1.1186187245667721e-06
-1.1147377050944653e-07
1.1389462075967907e-07
2.0340428238757465e-08
6.1167595049834147e-09
-3.1140817297048418e-09
2.1537544697072068e-09
-6.2621797839128258e-04
4.8927746162849633e-09
3.3274684429433445e-04
3.8090544373778367e-04
-3.8741243308379067e-05
-4.9104456167936903e-05
2.9309946521718901e-06
9.3638667343241367e-06
3.7067088090308613e-08
-1.1180296685280232e-06
-1.1201185061089450e-07
1.1332286573392106e-07
2.0323026756242269e-08
6.2244774594537521e-09
-3.1278751773247823e-09
2.1506415926518523e-09
-6.2617009586131693e-04
4.8984250187635020e-09
3.3267185439813632e-04
3.8088944084490694e-04
-3.8698107683115044e-05
-4.9117286597389678e-05
2.9211281461759377e-06
9.3650009662344312e-06
3.8611913037892288e-08
-1.1178252089186533e-06
-1.1218251901912820e-07
1.1311684391113617e-07
2.0305874867891361e-08
6.2625289885812216e-09
-3.1249027773807117e-09
2.1499084020394105e-09
