-8.9055856182589446e-03
1.4826008444235423e-02
-3.1835753420672984e-02
3.0761506734688290e-02
-1.2781772813243164e-02
-3.4052264494231918e-02
2.4298310107612818e-02
1.0806579589524119e-03
-6.5722708278041289e-03
1.4074728979956574e-02
-6.4831477577358340e-03
-6.9539722292796379e-03
5.2303270598592997e-03
-2.0467027319394158e-03
9.0287359741043037e-05
3.1292673351504098e-03
-8.4440298151846234e-03
1.4840417155396452e-02
-3.1651113445429348e-02
3.0903496499525257e-02
-1.2986437538428992e-02
-3.3674139663683940e-02
2.4030735283469735e-02
7.5264509929481318e-04
-6.2389486339500880e-03
1.3950082654027241e-02
-6.4778405649674881e-03
-6.6943008692023683e-03
5.0608931558005343e-03
-2.1026717169811415e-03
1.5522187370913248e-04
3.0366492026390563e-03
-7.0784636959674062e-03
1.4868866701110824e-02
-3.1084078831743932e-02
3.1315206490340405e-02
-1.3564296374115282e-02
-3.2555564935704266e-02
2.3220275946418675e-02
-1.7478908727062216e-04
-5.2946746632542025e-03
1.3553164076785560e-02
-6.4281820897183848e-03
-5.9496900224000546e-03
4.5683072555450094e-03
-2.2373989451788812e-03
3.2510492976701858e-04
2.7636913147812948e-03
-4.8660649879670014e-03
1.4870539395190979e-02
-3.0099585025066072e-02
3.1950982853384935e-02
-1.4414090434118952e-02
-3.0742923611921585e-02
2.1855166573595066e-02
-1.5407377475395588e-03
-3.8954220893104193e-03
1.2830933425864643e-02
-6.2500442708556909e-03
-4.8228617977311905e-03
3.8055978366233023e-03
-2.3650160167650665e-03
5.3411905695372863e-04
2.3315664148876249e-03
-1.9013022765345378e-03
1.4787674125113566e-02
-2.8653781172276911e-02
3.2728151289728225e-02
-1.5387578978819948e-02
-2.8310622615060153e-02
1.9948892477584974e-02
-3.1080252445801833e-03
-2.2671489179296256e-03
1.1738853596827400e-02
-5.8527450675481592e-03
-3.4777849163500582e-03
2.8715129432309839e-03
-2.3843837886624100e-03
7.0104805745605653e-04
1.7894688758814216e-03
1.6862773921207485e-03
1.4556786003886650e-02
-2.6715129411201095e-02
3.3526089521083921e-02
-1.6311502290433866e-02
-2.5359215353990574e-02
1.7571625943047727e-02
-4.6107664371015013e-03
-6.6305302850558454e-04
1.0282487437614035e-02
-5.1898136318861534e-03
-2.1156854114414681e-03
1.9027193978406157e-03
-2.2263013390961687e-03
7.6335437543041890e-04
1.2152972030919031e-03
5.7361457211982771e-03
1.4118768033134665e-02
-2.4287873936425862e-02
3.4197115513153464e-02
-1.7009261576268055e-02
-2.2017719520851384e-02
1.4862569282400652e-02
-5.8121267352181987e-03
6.8599688438412422e-04
8.5436824341855525e-03
-4.2922588677509173e-03
-9.3171263064377842e-04
1.0416411495948220e-03
-1.8866394744252051e-03
7.0286651666778442e-04
6.9659086859311927e-04
1.0063109121365356e-02
1.3426966140037371e-02
-2.1428326847973588e-02
3.4589762241233495e-02
-1.7325480013970874e-02
-1.8449017308441267e-02
1.2013262853197209e-02
-6.5514586648277593e-03
1.6214883616829433e-03
6.6767883179955729e-03
-3.2666647895405179e-03
-6.4433477124917156e-05
3.9375772818859818e-04
-1.4267509317151558e-03
5.4834689829408615e-04
3.0123126336578318e-04
1.4466827953422003e-02
1.2454121614803164e-02
-1.8246861224839275e-02
3.4576789343383721e-02
-1.7155812665125069e-02
-1.4847443889427180e-02
9.2332953114975993e-03
-6.7653891988881647e-03
2.0911115921549320e-03
4.8697566718944761e-03
-2.2572269706489364e-03
4.3902193031402460e-04
-1.7931101170139921e-06
-9.4335099410844088e-04
3.5612767108166444e-04
5.6239339829152965e-05
1.8745681526304323e-02
1.1197996456462677e-02
-1.4895830278182880e-02
3.4078360906212468e-02
-1.6471884033392597e-02
-1.1417951507736520e-02
6.7142898912134824e-03
-6.4859774460788461e-03
2.1464109886165437e-03
3.2879493159937824e-03
-1.3917328793314706e-03
6.2256871309845029e-04
-1.7412779564070503e-04
-5.2657229839585663e-04
1.8223106621753849e-04
-5.4968380171344702e-05
2.2714316965823333e-02
9.6835300307071270e-03
-1.1547921906461677e-02
3.3074983978091908e-02
-1.5326299357981790e-02
-8.3423463080123522e-03
4.5970528640873285e-03
-5.8224079357157357e-03
1.9062341484944526e-03
2.0328483805947674e-03
-7.4190830216639022e-04
5.8659721005785306e-04
-1.9589699533374143e-04
-2.2731096033265508e-04
5.9835419562684615e-05
-7.7190082017643150e-05
2.6221687641569881e-02
7.9597465275917656e-03
-8.3700603177725725e-03
3.1607964043282893e-02
-1.3835169590573380e-02
-5.7487905371831211e-03
2.9489235293466260e-03
-4.9262289408838556e-03
1.5098092901897242e-03
1.1310176775050054e-03
-3.1543194110496406e-04
4.4180326943397919e-04
-1.4589705685110518e-04
-4.9117856745814481e-05
-7.0801765618888277e-06
-5.8482681349247991e-05
2.9165222512791588e-02
6.0916825041102702e-03
-5.4993109652204785e-03
2.9767428595295919e-02
-1.2146883749814841e-02
-3.6956595755211134e-03
1.7630504912248260e-03
-3.9497812236842676e-03
1.0782900939621557e-03
5.4684644073288305e-04
-7.3903750028573320e-05
2.7469884643949221e-04
-8.1025773411000991e-05
3.5565521337649797e-05
-3.2914983290701619e-05
-3.1693816963614173e-05
3.1497359231270942e-02
4.1495256303887562e-03
-3.0270403776214276e-03
2.7671855830118768e-02
-1.0408260748404161e-02
-2.1735475622214053e-03
9.7750492709003422e-04
-3.0149062745897632e-03
6.9245013897320420e-04
2.0891164114151016e-04
3.9491150561664622e-05
1.3438979597159875e-04
-2.9663682929211965e-05
6.2347775930703863e-05
-3.5626117350895739e-05
-1.1643323410976097e-05
3.3222877423364550e-02
2.1981271501388903e-03
-9.9438122295067216e-04
2.5445361792001693e-02
-8.7390670754637061e-03
-1.1223252162892181e-03
5.0214638244147668e-04
-2.1984943084528644e-03
3.8987893003517108e-04
3.8529450424951159e-05
7.7533710219259723e-05
3.7708245552407955e-05
8.1488294121080901e-07
6.0545142248939486e-05
-2.8911847864087270e-05
-1.1843538084138486e-06
3.4388354105621480e-02
2.8951794598149397e-04
6.0171351406031681e-04
2.3198907953091319e-02
-7.2201056027524739e-03
-4.5413821186967836e-04
2.4400291151237036e-04
-1.5335012456165664e-03
1.7612092762109310e-04
-3.1276735334184077e-05
7.8715262491789787e-05
-1.7972204159637706e-05
1.3962601625756578e-05
4.8750436652276598e-05
-2.0513529827738864e-05
2.3026194907279274e-06
3.5067169545399061e-02
-1.5403270530091272e-03
1.7960179894500373e-03
2.1019349043555815e-02
-5.8931095679538850e-03
-7.4615886451356048e-05
1.2392384066681168e-04
-1.0206105481280509e-03
3.8785064651344718e-05
-4.8770207639075837e-05
6.6343093556039040e-05
-4.3403950851839557e-05
1.6456884359477447e-05
3.6068347354024146e-05
-1.3457226509426426e-05
2.3087669904084331e-06
3.5344190358671694e-02
-3.2707788076353494e-03
2.6412864515157446e-03
1.8966368912053246e-02
-4.7685939541603668e-03
1.0202121306528216e-04
8.2618746347134283e-05
-6.4195673324438974e-04
-4.1128370859386715e-05
-4.3981148284412674e-05
5.1898339991023138e-05
-5.0114769890566177e-05
1.3935805650569256e-05
2.5673722337376582e-05
-8.3451993965245625e-06
1.2145001182935721e-06
3.5303358395468741e-02
-4.8933625807574248e-03
3.1966025418319515e-03
1.7075061194437743e-02
-3.8365946108508244e-03
1.4568435977724457e-04
8.0295727665600182e-05
-3.7192426682370813e-04
-8.1980418290399819e-05
-3.2952602146605356e-05
3.9678254488040906e-05
-4.6955373549463416e-05
9.9309770099846421e-06
1.7972361875681652e-05
-4.9023240833733525e-06
2.0070740477606494e-07
3.5019632063709533e-02
-6.4077084948166154e-03
3.5194877748649066e-03
1.5361407384528333e-02
-3.0760304706282443e-03
1.0902921550105389e-04
9.3125397257508302e-05
-1.8461169797359957e-04
-9.8346944786770584e-05
-2.2830693011091834e-05
3.0540294786554259e-05
-3.9623622422096770e-05
6.1790660064787756e-06
1.2457326194172984e-05
-2.6750900975707858e-06
-3.8439476193006931e-07
3.4555222065903307e-02
-7.8178506925298506e-03
3.6617646313151725e-03
1.3828068259050648e-02
-2.4615863437227837e-03
2.9107349853351660e-05
1.0837042276546823e-04
-5.7760666308685441e-05
-1.0050223858632353e-04
-1.5865812544079009e-05
2.4010616743959596e-05
-3.1346959047680024e-05
3.3168839706992177e-06
8.5517321877803560e-06
-1.3150216689667479e-06
-5.7728368516761974e-07
3.3959102693011944e-02
-9.1295494836116913e-03
3.6679626381474133e-03
1.2469096240669598e-02
-1.9681957647471795e-03
-6.9481402324884136e-05
1.2015276883944736e-04
2.6148045783755653e-05
-9.5067449948020306e-05
-1.2068170514222950e-05
1.9321173983896233e-05
-2.3690114648510939e-05
1.4361992400114296e-06
5.7872261962198127e-06
-5.4867815230287683e-07
-5.0788678838224201e-07
3.3268447093547350e-02
-1.0348726311486894e-02
3.5751335666053068e-03
1.1273373358431718e-02
-1.5732787091650615e-03
-1.7115019741259586e-04
1.2647055306594227e-04
8.0141949171520452e-05
-8.6059138354117019e-05
-1.0684497796910370e-05
1.5830127618891626e-05
-1.7245077752247988e-05
3.5073938886896012e-07
3.8270058459554225e-06
-1.6136804216704227e-07
-3.3335577726876869e-07
3.2510849983612589e-02
-1.1480752055598212e-02
3.4133858962492564e-03
1.0226951651658265e-02
-1.2574412828718702e-03
-2.6649728053372405e-04
1.2724539162083253e-04
1.1357049741777170e-04
-7.5780776561935859e-05
-1.0848347807375940e-05
1.3115993923177959e-05
-1.2105911628042254e-05
-1.8915122979151484e-07
2.4761564212199519e-06
-1.8390436079312924e-08
-1.6412531199849669e-07
3.1706618531727064e-02
-1.2530269169012649e-02
3.2066770052241317e-03
9.3145549733645253e-03
-1.0044186004430679e-03
-3.5029024288136992e-04
1.2322721357944802e-04
1.3304046762201664e-04
-6.5471300848863478e-05
-1.1865140982027494e-05
1.0934174564608740e-05
-8.1606668357036834e-06
-3.8017728105343702e-07
1.5891917429630069e-06
-1.3419213314494732e-08
-4.1344704843873821e-08
3.0870752989085596e-02
-1.3501286674994967e-02
2.9736046997772565e-03
8.5205388942917615e-03
-8.0075991950032772e-04
-4.2013178592051554e-04
1.1544702559484174e-04
1.4319562287568982e-04
-5.5781901546450151e-05
-1.3253246021486556e-05
9.1349766647009882e-06
-5.2236343620655902e-06
-3.8547512664564550e-07
1.0338257687238553e-06
-6.2705529266736913e-08
1.7422801316252512e-08
3.0014486354221704e-02
-1.4397365600818512e-02
2.7281083726680743e-03
7.8295567728470447e-03
-6.3550673567873666e-04
-4.7556152926775370e-04
1.0498797939425327e-04
1.4729518512350158e-04
-4.7020127323216796e-05
-1.4677441045530909e-05
7.6309187828334853e-06
-3.0871154108393388e-06
-3.2307765918752874e-07
7.1579235927196779e-07
-1.2140228123979453e-07
1.6467788399820949e-08
2.9146394954831852e-02
-1.5221782814678566e-02
2.4801067960610328e-03
7.2270971133164014e-03
-4.9990562322196886e-04
-5.1740385911293449e-04
9.2891354832940796e-05
1.4756420046999801e-04
-3.9278299418827418e-05
-1.5924474736933167e-05
6.3719124993973292e-06
-1.5688889019258305e-06
-2.5327767621603119e-07
5.5707156076321681e-07
-1.6274200638586190e-07
-2.1977688940120511e-08
2.8273166203712549e-02
-1.5977626063063907e-02
2.2361423718751422e-03
6.6999405973032231e-03
-3.8716142325524901e-04
-5.4726042736098649e-04
8.0047216487337403e-05
1.4544113755224911e-04
-3.2530829489687456e-05
-1.6874057382009112e-05
5.3116658607665662e-06
-5.1640095571659243e-07
-2.0833192887319014e-07
4.8828602816459944e-07
-1.7345813961843230e-07
-7.8168780919099555e-08
2.7400132538594586e-02
-1.6667820565023941e-02
2.0000672322836453e-03
6.2365165586901906e-03
-2.9218509932250262e-04
-5.6706277705059543e-04
6.7131907095378321e-05
1.4182323574286093e-04
-2.6681887434029173e-05
-1.7477401647464205e-05
4.4149096085434368e-06
2.0504065515995914e-07
-2.0214059264357480e-07
4.6172701598167182e-07
-1.5419766974492403e-07
-1.3532592513812664e-07
2.6531663442716631e-02
-1.7295113647905900e-02
1.7737782658099716e-03
5.8271142366060893e-03
-2.1126727227523958e-04
-5.7871614145135221e-04
5.4610190668711702e-05
1.3725402965720655e-04
-2.1616293820049878e-05
-1.7750514001380207e-05
3.6627275706790582e-06
6.9616385137190469e-07
-2.3176678186370312e-07
4.4715057532410498e-07
-1.1146694366609205e-07
-1.8103817761618295e-07
2.5671483147153559e-02
-1.7862055420190977e-02
1.5579549072753864e-03
5.4638838931604641e-03
-1.4172637886309016e-04
-5.8389667090599968e-04
4.2755897019057537e-05
1.3206939709358882e-04
-1.7235241440156977e-05
-1.7736749494063913e-05
3.0344041060132853e-06
1.0236276789455561e-06
-2.8494650497194632e-07
4.2575881018014664e-07
-5.4873836012863525e-08
-2.0802024023114439e-07
2.4822943990048467e-02
-1.8371017223628383e-02
1.3526909229759382e-03
5.1406164485792924e-03
-8.1598712987508484e-05
-5.8397391192925325e-04
3.1713845027421395e-05
1.2650210139282747e-04
-1.3451389559859160e-05
-1.7481966243124751e-05
2.5061529444243705e-06
1.2376782884265802e-06
-3.4850334001919120e-07
3.8596024431092248e-07
7.0610916161968802e-09
-2.1371699058785206e-07
2.3989250477958614e-02
-1.8824264767139408e-02
1.1579277525671089e-03
4.8523735495190189e-03
-2.9392986468393136e-05
-5.8002176553277314e-04
2.1555432236851908e-05
1.2071418674633543e-04
-1.0186132437413331e-05
-1.7031640034325533e-05
2.0598813261949952e-06
1.3753865391835749e-06
-4.1230659031989960e-07
3.2585553173540192e-07
6.6170266391381554e-08
-2.0032486807412429e-07
2.3173611154490771e-02
-1.9224078175472149e-02
9.7365456727885303e-04
4.5950793320358408e-03
1.6072453603638095e-05
-5.7287282694680713e-04
1.2294408800506279e-05
1.1481552770468543e-04
-7.3698317346406503e-06
-1.6428967402531616e-05
1.6800922098998152e-06
1.4595858484125752e-06
-4.6554412759126766e-07
2.4848208802102131e-07
1.1622885825622251e-07
-1.7077176501397698e-07
2.2379297643245477e-02
-1.9572887762859172e-02
7.9991120319900921e-04
4.3651909475163030e-03
5.5776627250208279e-05
-5.6317295979961990e-04
3.9022849609780363e-06
1.0889077563035806e-04
-4.9429655364454685e-06
-1.5713599153235672e-05
1.3520382972534808e-06
1.5067510405742095e-06
-5.0242018695797119e-07
1.5740719887736480e-07
1.5428410681195487e-07
-1.3000637481171682e-07
2.1609613874767650e-02
-1.9873385120526121e-02
6.3669154481241555e-04
4.1595129677657952e-03
9.0571481417482292e-05
-5.5144399118591534e-04
-3.6692028159834579e-06
1.0301424589675916e-04
-2.8548651288318237e-06
-1.4920105224642330e-05
1.0662848324392436e-06
1.5282739905108787e-06
-5.2015106368876796e-07
5.9820057234812843e-08
1.7827937260245534e-07
-8.3101806851827243e-08
2.0867796033592179e-02
-2.0128583922398850e-02
4.8384678693855302e-04
3.9751464709562607e-03
1.2120871142674687e-04
-5.3815368053648023e-04
-1.0471662980958464e-05
9.7251917357372595e-05
-1.0642151012778831e-06
-1.4077483116769084e-05
8.1473649577278452e-07
1.5295078213436292e-06
-5.1717993585450087e-07
-3.8641450954664735e-08
1.8857285820301833e-07
-3.4217529466167105e-08
2.0156881744504661e-02
-2.0341822626496680e-02
3.4104649809778937e-04
3.8095197552926296e-03
1.4831828314837563e-04
-5.2375240665793611e-04
-1.6549029506057611e-05
9.1657798291285404e-05
4.6443997911844699e-07
-1.3206347609599815e-05
5.9056717531031809e-07
1.5151845125353249e-06
-4.9534180166112664e-07
-1.3277817065271685e-07
1.8642862615399387e-07
1.2677613728039961e-08
1.9479579990853077e-02
-2.0516719830751869e-02
2.0781778058854081e-04
3.6604421768832475e-03
1.7238632724660044e-04
-5.0865722722990235e-04
-2.1938906513812629e-05
8.6261856210906489e-05
1.7643385821392054e-06
-1.2322323858152079e-05
3.8957884790268775e-07
1.4878080533758877e-06
-4.5679787367459718e-07
-2.1816777384092560e-07
1.7380800464210323e-07
5.5024827516451935e-08
1.8838167788975846e-02
-2.0657099707476798e-02
8.3648811371649225e-05
3.5261178175910531e-03
1.9376792821395539e-04
-4.9321185969254807e-04
-2.6688921710587153e-05
8.1073509107769994e-05
2.8667082665705785e-06
-1.1438534596800680e-05
2.0771847814609798e-07
1.4497278505664582e-06
-4.0498113862156497e-07
-2.9225423155496014e-07
1.5319923159847360e-07
9.0938803475531594e-08
1.8234420836506542e-02
-2.0766912286577517e-02
-3.1897082824319638e-05
3.4050820142528682e-03
2.1273778099937667e-04
-4.7766238496254216e-04
-3.0857675743511582e-05
7.6098396556296239e-05
3.7987790176296533e-06
-1.0568284584277128e-05
4.3498328609713329e-08
1.4030681265893579e-06
-3.4356866195254881e-07
-3.5308440077586631e-07
1.2694876398293723e-07
1.1948587390648723e-07
1.7669575009628746e-02
-2.0850162324916380e-02
-1.3912419830766290e-04
3.2960714303044269e-03
2.2954386438206776e-04
-4.6217574268962464e-04
-3.4505260128367274e-05
7.1345633698990284e-05
4.5818938825329368e-06
-9.7215322860795631e-06
-1.0478035759997465e-07
1.3486272680847790e-06
-2.7590949417218751e-07
-4.0009552680851906e-07
9.7355053289512918e-08
1.4043435185391779e-07
1.7144296443635503e-02
-2.0910847950764165e-02
-2.3824497887874258e-04
3.1978937769738510e-03
2.4442829528776845e-04
-4.4687856688070904e-04
-3.7685421272239168e-05
6.6824884938899295e-05
5.2358838533664179e-06
-8.9048992061697818e-06
-2.3838499190747425e-07
1.2880742684399818e-06
-2.0530590035740151e-07
-4.3353783246294689e-07
6.6376103589958595e-08
1.5406779284741156e-07
1.6658647669343732e-02
-2.0952891289501705e-02
-3.2948555165133227e-04
3.1093770612399506e-03
2.5762167293701897e-04
-4.3188453871183030e-04
-4.0447629311866589e-05
6.2542559375517205e-05
5.7781674612441831e-06
-8.1240625402886611e-06
-3.5811414851130729e-07
1.2225537271435335e-06
-1.3445126470656055e-07
-4.5423697076446914e-07
3.5602080722526783e-08
1.6104725115498862e-07
1.6212060174419705e-02
-2.0980038220787315e-02
-4.1316574703302258e-04
3.0294182528428429e-03
2.6933144140871778e-04
-4.1730497429609222e-04
-4.2836708708875027e-05
5.8504558009670711e-05
6.2238448681173862e-06
-7.3829111103024737e-06
-4.6480663438497934e-07
1.1534569369512423e-06
-6.5584306521021280e-08
-4.6356002635040625e-07
6.2625565929895141e-09
1.6228135438215081e-07
1.5803343524582361e-02
-2.0995730614425858e-02
-4.8968996825514606e-04
2.9570615075626668e-03
2.7972857911483592e-04
-4.0324865060332755e-04
-4.4890930811372084e-05
5.4713378508732471e-05
6.5861907891249713e-06
-6.6839058335775062e-06
-5.5914755093909715e-07
1.0819286241245895e-06
-3.9076569053036331e-10
-4.6303652708962000e-07
-2.0787736398344622e-08
1.5875036433996600e-07
1.5430760595697058e-02
-2.1002980441655505e-02
-5.5947681998902584e-04
2.8915217369716922e-03
2.8894228878344473e-04
-3.8980317316609239e-04
-4.6645800790677799e-05
5.1166111433380560e-05
6.8775159954247687e-06
-6.0282466475367593e-06
-6.4199344717829070e-07
1.0092524338026513e-06
5.9955418422796619e-08
-4.5440212827741974e-07
-4.5014910659353820e-08
1.5149484508999978e-07
1.5092167574851118e-02
-2.1004282829973273e-02
-6.2290614004644688e-04
2.8321361402551511e-03
2.9708350471268713e-04
-3.7702058494156328e-04
-4.8138164674901460e-05
4.7858205744069861e-05
7.1089057993884580e-06
-5.4171782296303874e-06
-7.1406575141274437e-07
9.3658480579807222e-07
1.1469217500297566e-07
-4.3932321180249658e-07
-6.6146011916813456e-08
1.4147090917235815e-07
1.4785190100650346e-02
-2.1001583726582580e-02
-6.8033618120140167e-04
2.7783012241695670e-03
3.0426773984777267e-04
-3.6493668847149683e-04
-4.9402212801123171e-05
4.4788690201943930e-05
7.2895221399822696e-06
-4.8512787694551159e-06
-7.7618625021627988e-07
8.6498011092118500e-07
1.6347547708112043e-07
-4.1943973704371812e-07
-8.4121837967199905e-08
1.2957552549466432e-07
1.4507400635799842e-02
-2.0996295313351527e-02
-7.3216037337978470e-04
2.7294729841003409e-03
3.1060391646184674e-04
-3.5359317000526797e-04
-5.0465986669058385e-05
4.1955682590221068e-05
7.4275965516890508e-06
-4.3302264945788033e-06
-8.2920186677510146e-07
7.9535218697594800e-07
2.0621569611964765e-07
-3.9621271479516051e-07
-9.9051408807210913e-08
1.1655855657104154e-07
1.4256491221983631e-02
-2.0989340902618107e-02
-7.7880736374625378e-04
2.6852292081890419e-03
3.1617843645955461e-04
-3.4303101634098736e-04
-5.1354926130917083e-05
3.9355407179310253e-05
7.5305061990163557e-06
-3.8535233839309674e-06
-8.7398887340222058e-07
7.2856687074370212e-07
2.4310625514330588e-07
-3.7096500077600882e-07
-1.1115190759171606e-07
1.0308453256846766e-07
1.4030442002520186e-02
-2.0981243508703264e-02
-8.2066483437628630e-04
2.6452815767892372e-03
3.2105904733866039e-04
-3.3327725962281455e-04
-5.2092230782559243e-05
3.6983081923339919e-05
7.6046994298587336e-06
-3.4203206398749191e-06
-9.1141486138898112e-07
6.6529699479982792e-07
2.7446274663428267e-07
-3.4482200754381502e-07
-1.2070911959392860e-07
8.9657073447645683e-08
1.3827651611944790e-02
-2.0972279775064235e-02
-8.5804555878828343e-04
2.6094086988930113e-03
3.2530954550271627e-04
-3.2434462140514984e-04
-5.2699948571307160e-05
3.4834263519339717e-05
7.6559168123215026e-06
-3.0297548891761874e-06
-9.4234073224748970e-07
6.0618323305836551e-07
3.0074890120348249e-07
-3.1874502634383320e-07
-1.2805367842093004e-07
7.6705434366171983e-08
1.3646965398171989e-02
-2.0962660852897028e-02
-8.9122263201904322e-04
2.5774254233337330e-03
3.2899164142592956e-04
-3.1624649597685877e-04
-5.3196734955047949e-05
3.2905517943275641e-05
7.6889532460554396e-06
-2.6807813416671356e-06
-9.6757708289619171e-07
5.5167788771303327e-07
3.2246231176818779e-07
-2.9350783285677241e-07
-1.3352253618818116e-07
6.4519664291610729e-08
1.3487586843839773e-02
-2.0952666539858108e-02
-9.2042363612661728e-04
2.5492012407155856e-03
3.3215327844077973e-04
-3.0899379213518072e-04
-5.3598820925230135e-05
3.1192349711636449e-05
7.7081290763473089e-06
-2.3722422607081072e-06
-9.8792436791620450e-07
5.0219973745475530e-07
3.4015142678545823e-07
-2.6974923737534140e-07
-1.3745324071095600e-07
5.3343443396519120e-08
1.3348922181659959e-02
-2.0942706724885768e-02
-9.4580606024996310e-04
2.5246221891315735e-03
3.3483822024925125e-04
-3.0258864246853205e-04
-5.3921071253162266e-05
2.9690806367916059e-05
7.7171029806160534e-06
-2.1030704901804008e-06
-1.0040806211166408e-06
4.5803101198725040e-07
3.5433205097709078e-07
-2.4795264920443529e-07
-1.4015374255279579e-07
4.3317457633422441e-08
1.3230395915363300e-02
-2.0933283432491148e-02
-9.6750091880825663e-04
2.5035626980999554e-03
3.3708727662581190e-04
-2.9703403216800296e-04
-5.4175963300522631e-05
2.8397428595792109e-05
7.7189768305578848e-06
-1.8722073552256192e-06
-1.0167204126239023e-06
4.1943049473251032e-07
3.6552330224807919e-07
-2.2850681022970045e-07
-1.4191581876083111e-07
3.4553822195589274e-08
1.3131346417615727e-02
-2.0924852584931389e-02
-9.8562896850358755e-04
2.4859103598556462e-03
3.3893414728634733e-04
-2.9233188392542483e-04
-5.4374125273257904e-05
2.7308874299027141e-05
7.7163601990434491e-06
-1.6786661861731273e-06
-1.0264089770854062e-06
3.8654524005097722e-07
3.7416992656504056e-07
-2.1168705157096517e-07
-1.4298280038107548e-07
2.7101437826717017e-08
1.3051092176659040e-02
-2.0917699104023656e-02
-1.0003038143671314e-03
2.4715682874744270e-03
3.4040787651542094e-04
-2.8848358221839890e-04
-5.4524465496799413e-05
2.6422313222759997e-05
7.7114117369035044e-06
-1.5215843090518978e-06
-1.0336529412704977e-06
3.5951920963791769e-07
3.8068449595424084e-07
-1.9770772965286188e-07
-1.4357242614183516e-07
2.1001440651233260e-08
1.2989111559204855e-02
-2.0911953671916915e-02
-1.0116272164915757e-03
2.4604734992724644e-03
3.4153099852299225e-04
-2.8549044285552109e-04
-5.4634097396005261e-05
2.5735353928772686e-05
7.7058193956259981e-06
-1.4002100115806357e-06
-1.0388504626130659e-06
3.3841891711801787e-07
3.8538857853549551e-07
-1.8670318799345791e-07
-1.4385005295578868e-07
1.6255031540517335e-08
1.2945085186229095e-02
-2.0907737402300973e-02
-1.0196671691956915e-03
2.4525831746533915e-03
3.4232075268016197e-04
-2.8335248467326897e-04
-5.4708531189125602e-05
2.5246071731640717e-05
7.7009243920414527e-06
-1.3139362805932768e-06
-1.0423382067295301e-06
3.2332514235833970e-07
3.8856485545086215e-07
-1.7878740823365144e-07
-1.4395683366229869e-07
1.2874810970434861e-08
1.2918772816534032e-02
-2.0905168621120754e-02
-1.0244716774578133e-03
2.4478620924009422e-03
3.4278962545717973e-04
-2.8206977575124148e-04
-5.4751629789647860e-05
2.4953054454807515e-05
7.6976171346477239e-06
-1.2623731405059365e-06
-1.0443343732126700e-06
3.1424694202104170e-07
3.9038868689393776e-07
-1.7401135615053263e-07
-1.4397959297030027e-07
1.0844049253173893e-08
1.2910017798032877e-02
-2.0904305626257037e-02
-1.0260699170360195e-03
2.4462906235057885e-03
3.4294514012866257e-04
-2.8164216179769083e-04
-5.4765735386960767e-05
2.4855475090237826e-05
7.6964689132963914e-06
-1.2451955728083066e-06
-1.0449864325835778e-06
3.1122737969560207e-07
3.9098713855304293e-07
-1.7241953666593049e-07
-1.4398382983940236e-07
1.0171458005503106e-08
6.8385478820520623e-02
7.5056226751004596e-02
-2.5523826525240999e-02
7.2456722493994902e-02
-8.0365078002792745e-02
-2.0764450610772915e-02
3.5869313934407752e-02
-6.0578440312291065e-02
3.5683816236221445e-02
4.0594843673541138e-02
-3.5012857005656955e-02
1.4229955349174981e-02
-1.0649316719584297e-03
-2.5078128727352864e-02
1.5320186037016296e-02
4.2360287677468064e-03
6.8732298555365279e-02
7.4719818347030703e-02
-2.4860997134525876e-02
7.2307997577273408e-02
-7.9805895203243479e-02
-1.9773254679870088e-02
3.4593030773789162e-02
-6.0401084445085462e-02
3.5818202800300444e-02
3.9397780446478667e-02
-3.4162902483034052e-02
1.4615897316174152e-02
-1.5277459179247313e-03
-2.4565441358471458e-02
1.5046955235868105e-02
3.8387117008975096e-03
6.9728713929853262e-02
7.3698111323143467e-02
-2.2874368755975635e-02
7.1828335294555040e-02
-7.8139591033147673e-02
-1.6904133237720140e-02
3.0904416482311126e-02
-5.9767214119505405e-02
3.6078966078737867e-02
3.5947924958482008e-02
-3.1666957059329440e-02
1.5615578807428990e-02
-2.7808868599066431e-03
-2.3022111146953038e-02
1.4204304147631285e-02
2.7431492444895109e-03
7.1248862478915043e-02
7.1962142168330800e-02
-1.9587144530088998e-02
7.0917245999473730e-02
-7.5397108372384183e-02
-1.2448415477286250e-02
2.5218299455607517e-02
-5.8411028242972014e-02
3.6097605333505471e-02
3.0648098483149974e-02
-2.7710603848597345e-02
1.6807355476879206e-02
-4.4524611736112907e-03
-2.0476491227898845e-02
1.2761844533130723e-02
1.2191325142464026e-03
7.3101671781102523e-02
6.9486191814443557e-02
-1.5087895780799295e-02
6.9415130812662720e-02
-7.1619922754788193e-02
-6.8298958783850842e-03
1.8193827796009730e-02
-5.6015270712223862e-02
3.5422728346592589e-02
2.4106012664874058e-02
-2.2655066229573740e-02
1.7649271944711241e-02
-6.0405978517430519e-03
-1.7084987311049377e-02
1.0767364840772444e-02
-3.5759514951657956e-04
7.5052413156020500e-02
6.6267186834232342e-02
-9.5765117168522124e-03
6.7134169445812977e-02
-6.6848611546927686e-02
-5.4744844629840944e-04
1.0650356740955057e-02
-5.2363161649410184e-02
3.3683608472502451e-02
1.7058325610199938e-02
-1.7042898733322220e-02
1.7667072544031426e-02
-7.0797704521183696e-03
-1.3188718468058627e-02
8.4074539902351721e-03
-1.6224431612857091e-03
7.6844101628277595e-02
6.2336948297457187e-02
-3.3811332058590713e-03
6.3914680605184210e-02
-6.1128248398374899e-02
5.8612404560384442e-03
3.4203431678606461e-03
-4.7456314495178731e-02
3.0728949877771104e-02
1.0279342487885864e-02
-1.1524768937233009e-02
1.6620429820870988e-02
-7.3026058258882035e-03
-9.2647834147395816e-03
5.9832981981287024e-03
-2.3448427226960122e-03
7.8217988202511760e-02
5.7769249988817918e-02
3.0716488077677036e-03
5.9685585548325211e-02
-5.4551010470826132e-02
1.1846178924391710e-02
-2.8084891573586950e-03
-4.1532045850776141e-02
2.6705620175388158e-02
4.4569928984771736e-03
-6.7148424555577143e-03
1.4582990824435241e-02
-6.7135780721060230e-03
-5.7892130369154582e-03
3.8116606978549333e-03
-2.4887498231212809e-03
7.8936907058452008e-02
5.2684599766296997e-02
9.3215392350691068e-03
5.4499445264868503e-02
-4.7317025053534946e-02
1.6900215153103682e-02
-7.5859477386051588e-03
-3.4994332442513459e-02
2.2028141973917191e-02
4.8166490427429555e-05
-3.0307002389861307e-03
1.1899354792204206e-02
-5.5460030181856117e-03
-3.0948596981170773e-03
2.1195226641106944e-03
-2.1855798942123500e-03
7.8813387869205886e-02
4.7248642066922787e-02
1.4944912508207864e-02
4.8532103326390304e-02
-3.9754470113854218e-02
2.0647168353701111e-02
-1.0718923342745603e-02
-2.8326856815082666e-02
1.7232725395052526e-02
-2.8082877616196333e-03
-5.9926954532488045e-04
9.0362757512858875e-03
-4.1423608234446045e-03
-1.2937341475169461e-03
9.8692163734189408e-04
-1.6523591674191770e-03
7.7737081410911429e-02
4.1658590960390783e-02
1.9611958772010749e-02
4.2056407432345309e-02
-3.2270186816263619e-02
2.2912273195283894e-02
-1.2259959695306704e-02
-2.2009880916774291e-02
1.2803326147622909e-02
-4.2605487984166777e-03
7.1999058443553620e-04
6.4087094080341241e-03
-2.8174971591322698e-03
-2.8629116454782913e-04
3.5058011799007617e-04
-1.0973416712177645e-03
7.5692218859118088e-02
3.6119303970652952e-02
2.3124480933066374e-02
3.5398710953085492e-02
-2.5264765655598910e-02
2.3734415851623249e-02
-1.2465184251489580e-02
-1.6429690403920304e-02
9.0638766678607739e-03
-4.6335704213576511e-03
1.2229033395604462e-03
4.2703410289413931e-03
-1.7613787118035268e-03
1.5315230490721247e-04
6.2316192126732361e-05
-6.4955046661229442e-04
7.2758562050293824e-02
3.0816249037160490e-02
2.5427989376918994e-02
2.8886029877354624e-02
-1.9055384639447198e-02
2.3325716686498559e-02
-1.1706835109986533e-02
-1.1812356113545719e-02
6.1495314567176617e-03
-4.3106178240770584e-03
1.2336103271648165e-03
2.6964995554368833e-03
-1.0224237880536047e-03
2.6431886253840131e-04
-3.1158727238746750e-05
-3.4564454042781203e-04
6.9094510261625455e-02
2.5893332891597894e-02
2.6596077900117528e-02
2.2797413693965842e-02
-1.3829044868158722e-02
2.1999502483313504e-02
-1.0374231505755683e-02
-8.2152252770601019e-03
4.0327098929753445e-03
-3.6376734097592215e-03
1.0157808031368699e-03
1.6317102517953571e-03
-5.5682846751700849e-04
2.2788008601203752e-04
-3.9372746603835642e-05
-1.6524538405519691e-04
6.4906891583556794e-02
2.1441280942768405e-02
2.6794110515495347e-02
1.7331398714994541e-02
-9.6367177249969058e-03
2.0091956025047392e-02
-8.8008946145755190e-03
-5.5619344926623087e-03
2.5847540021744228e-03
-2.8668605547850609e-03
7.3929271402702122e-04
9.5955931283615327e-04
-2.8793742262371320e-04
1.5061413315101919e-04
-2.3001253426431403e-05
-6.9954947223688146e-05
6.0416034609505002e-02
1.7497796728711715e-02
2.6233928157390302e-02
1.2595353272763527e-02
-6.4199879592639958e-03
1.7902699221626905e-02
-7.2263918682138181e-03
-3.6967912028788548e-03
1.6424630209405399e-03
-2.1476336044968149e-03
4.9092658530215097e-04
5.5803623091741023e-04
-1.4304564638664086e-04
8.1565753036554495e-05
-7.5473677070387007e-06
-2.4587982617392740e-05
5.5824935588272590e-02
1.4057022354801161e-02
2.5132852289758017e-02
8.6150944401744770e-03
-4.0511605601271511e-03
1.5662607827278741e-02
-5.7930984705451688e-03
-2.4395151510527499e-03
1.0525393564308676e-03
-1.5480788786960862e-03
3.0144581140480095e-04
3.2709026465257296e-04
-6.8614781315672307e-05
3.4743747902726325e-05
9.6402460459673418e-07
-5.0519508664159630e-06
5.1298704867319932e-02
1.1083763641507746e-02
2.3685543272768703e-02
5.3560573991459351e-03
-2.3734383678938138e-03
1.3525962078630344e-02
-4.5663661355757204e-03
-1.6221812815445653e-03
6.9219621726302177e-04
-1.0831498725896317e-03
1.7094399173320384e-04
1.9632260399026502e-04
-3.1403358332785208e-05
8.2885351080677866e-06
3.8248138505457487e-06
2.2411352418600500e-06
4.6956074933921427e-02
8.5276803507389302e-03
2.2049823837066218e-02
2.7470755429578318e-03
-1.2314163237421363e-03
1.1580474162450416e-02
-3.5595244458112955e-03
-1.1063470848887359e-03
4.7376694068164367e-04
-7.3972352529311453e-04
8.7447861500820624e-05
1.2175183545913992e-04
-1.3016015241826951e-05
-4.1272037107393812e-06
3.6775811040756648e-06
4.1870465830792509e-06
4.2870840249435674e-02
6.3344585756627443e-03
2.0344000762186263e-02
7.0092308649978140e-04
-4.8792587028427862e-04
9.8644382006280260e-03
-2.7558892536916069e-03
-7.8795792440181783e-04
3.3975551801486968e-04
-4.9431488534050039e-04
3.7276537993345443e-05
7.7995107970201520e-05
-4.0660018914181724e-06
-8.3901507916116387e-06
2.5247672273226939e-06
3.9666959319857001e-06
3.9079486501282630e-02
4.4529464647065798e-03
1.8651339262797838e-02
-8.7157183991338832e-04
-3.0785469237343809e-05
8.3832777847637711e-03
-2.1258000867229350e-03
-5.9427907242358652e-04
2.5478770302143179e-04
-3.2279190439275682e-04
8.9729237193987359e-06
5.1131933333411204e-05
1.0082637482835091e-07
-8.5494926512549575e-06
1.3503649294832848e-06
3.0108560691600723e-06
3.5591228196021417e-02
2.8385186359874597e-03
1.7027049882671709e-02
-2.0537231536767752e-03
2.2661314957715312e-04
7.1233194140626465e-03
-1.6370471004558699e-03
-4.7696657092921233e-04
1.9819063385585192e-04
-2.0467452673600281e-04
-5.7994961531394776e-06
3.3820087196399106e-05
1.8463189799699424e-06
-7.0705763865938881e-06
5.3418991073189400e-07
1.9984810038055150e-06
3.2397605022228111e-02
1.4537878772010108e-03
1.5505161385430198e-02
-2.9194887492852246e-03
3.4852305832487005e-04
6.0618522623462666e-03
-1.2600381609070349e-03
-4.0515197123273657e-04
1.5823873371891229e-04
-1.2421101564471056e-04
-1.2591727107405157e-05
2.2227193005035066e-05
2.3303107814939773e-06
-5.2793365729586462e-06
1.3411103461042967e-07
1.1657748070303497e-06
2.9480187901642189e-02
2.6791851378138605e-04
1.4104360743757646e-02
-3.5325380224471778e-03
3.8147176026048719e-04
5.1733095455006430e-03
-9.6987145508771336e-04
-3.5972838078866061e-04
1.2840773003643140e-04
-6.9886514028648762e-05
-1.4880440024338818e-05
1.4291768009977977e-05
2.1751875031176182e-06
-3.7086533805101904e-06
1.5994994085515371e-08
5.7414014758303076e-07
2.6816057682150961e-02
-7.4457728543042068e-04
1.2832514953179672e-02
-3.9466946703897643e-03
3.5865720468053204e-04
4.4325380661335125e-03
-7.4656568267755970e-04
-3.2910250169212963e-04
1.0509337463864105e-04
-3.3590900885602020e-05
-1.4759419718592739e-05
8.8035094599368466e-06
1.7821491016225459e-06
-2.5254092562861753e-06
4.8041055445552632e-08
2.3296936478748947e-07
2.4381295674407895e-02
-1.6050572665976266e-03
1.1689954908537444e-02
-4.2069277303470312e-03
3.0346702780207138e-04
3.8162642077988764e-03
-5.7447756610322994e-04
-3.0635550159131136e-04
8.6215253866521989e-05
-9.7009458744793596e-06
-1.3478169506138843e-05
4.9982723560579084e-06
1.3565644858195430e-06
-1.7417886868084030e-06
1.4035610451982282e-07
8.4640566155289075e-08
2.2152952502687045e-02
-2.3317485187609433e-03
1.0671794003840756e-02
-4.3504055501965939e-03
2.3204854505725963e-04
3.3036467779122493e-03
-4.4146721288913885e-04
-2.8744082690833502e-04
7.0538125748595762e-05
5.7108291117839195e-06
-1.1746125884680751e-05
2.3819161371878435e-06
9.9129946810598449e-07
-1.2644759726069974e-06
2.1979890971212702e-07
6.0413419640395830e-08
2.0109978188123264e-02
-2.9404614887263299e-03
9.7696171715163527e-03
-4.4073917171928573e-03
1.5517044809757293e-04
2.8764319519566689e-03
-3.3813291463220509e-04
-2.7015715465924579e-04
5.7326115226674027e-05
1.5368203199459455e-05
-9.9386919324956737e-06
5.9991814011970367e-07
7.3731988387218807e-07
-9.8972892056531901e-07
2.5490250383662563e-07
1.0885872135516558e-07
1.8233529967678384e-02
-3.4450401797890707e-03
8.9728220861290189e-03
-4.4019859070662925e-03
7.9577355267772409e-05
2.5189406429866707e-03
-2.5729741343514389e-04
-2.5349613601182244e-04
4.6117005671618454e-05
2.1149681425592748e-05
-8.2576393292237973e-06
-6.0114756010416705e-07
5.9637548275332116e-07
-8.3967453473002968e-07
2.4291085580664803e-07
1.8303564448232841e-07
1.6506967625607563e-02
-3.8576312257861327e-03
8.2697554608166229e-03
-4.3527978027567251e-03
9.0446419182197208e-06
2.2180346982348322e-03
-1.9357421201390260e-04
-2.3712521735702455e-04
3.6614417077629295e-05
2.4336627798886335e-05
-6.7866437667693025e-06
-1.3840033682492819e-06
5.4309726797412291e-07
-7.4942286908480306e-07
1.9066496588537093e-07
2.5090837739205661e-07
1.4915728658144275e-02
-4.1888535370674463e-03
7.6487082177031122e-03
-4.2736454686247618e-03
-5.4688999281031432e-05
1.9630082363935129e-03
-1.4296124883756751e-04
-2.2105275293639534e-04
2.8594158137557198e-05
2.5774423537583573e-05
-5.5306070358009216e-06
-1.8704315845442874e-06
5.4940064015014927e-07
-6.7328183081840612e-07
1.1236152856470942e-07
2.9514443114383960e-07
1.3447191452768927e-02
-4.4479458941321364e-03
7.0987419616364402e-03
-4.1743702927203108e-03
-1.1114605231764488e-04
1.7453279361735361e-03
-1.0251236074235357e-04
-2.0540935392777913e-04
2.1848515502013023e-05
2.6033122481568297e-05
-4.4725651230403713e-06
-2.1587520934041179e-06
5.9043749894052396e-07
-5.8698996780233860e-07
2.2738577793942911e-08
3.0960286860528402e-07
1.2090558592965421e-02
-4.6429468779412451e-03
6.6102425123090334e-03
-4.0617659477897540e-03
-1.6054138115613518e-04
1.5582872636908313e-03
-7.0032480184749015e-05
-1.9032042835122017e-04
1.6193989492915216e-05
2.5511544938126714e-05
-3.5909668420211417e-06
-2.3139539850895361e-06
6.4343267358200808e-07
-4.8430565785920253e-07
-6.3850926234221977e-08
2.9551896303878504e-07
1.0836738058822794e-02
-4.7809268740358892e-03
6.1751407673702819e-03
-3.9405120660418388e-03
-2.0340070194735426e-04
1.3966345783449885e-03
-4.3850333784940668e-05
-1.7589104586264825e-04
1.1472675989008694e-05
2.4487261030855864e-05
-2.8564352076025418e-06
-2.3780141586745684e-06
6.8868329388454478e-07
-3.6455610656457762e-07
-1.3816522741562972e-07
2.5691628498592032e-07
9.6781875106912996e-03
-4.8682468838099971e-03
5.7868245757230416e-03
-3.8139789710169509e-03
-2.4034811598660035e-04
1.2562320618631183e-03
-2.2691872480798238e-05
-1.6220514514412332e-04
7.5484750781479532e-06
2.3152290479732178e-05
-2.2416893162759827e-06
-2.3826264179835301e-06
7.1710611438720187e-07
-2.3212467156459669e-07
-1.9498927248502110e-07
2.0198864482620931e-07
8.6086974614077803e-03
-4.9108006345229905e-03
5.4398447908343322e-03
-3.6847914774458175e-03
-2.7199386447958606e-04
1.1337881378721366e-03
-5.5817979836116023e-06
-1.4930987610600226e-04
4.3021075554249889e-06
2.1638521498770266e-05
-1.7258077227002764e-06
-2.3469135441498811e-06
7.2230924711173469e-07
-9.6406531987659598e-08
-2.3116838697336949e-07
1.3791981692563154e-07
7.6231195491370321e-03
-4.9141978156149908e-03
5.1295689320849085e-03
-3.5551235945031337e-03
-2.9887289447661804e-04
1.0266340295895598e-03
8.2426815684209575e-06
-1.3721421241085337e-04
1.6295898399870819e-06
2.0036864729271623e-05
-1.2885502360440433e-06
-2.2826574439254615e-06
7.0233410951955899e-07
3.6515433906125316e-08
-2.4777532553384987e-07
7.1248995077736674e-08
6.7170721099083499e-03
-4.8838643705820051e-03
4.8519057850500398e-03
-3.4267885816083531e-03
-3.2144701741577904e-04
9.3253436844313651e-04
1.9393515670696040e-05
-1.2590076970258311e-04
-5.6148492872610460e-07
1.8410082164360278e-05
-9.1510755271493075e-07
-2.2000953954340102e-06
6.5997807134829931e-07
1.5956821304640800e-07
-2.4664364347106501e-07
7.7886730289313064e-09
5.8866644230934307e-03
-4.8250679626157915e-03
4.6031507398017627e-03
-3.3012219914721774e-03
-3.4016004615409633e-04
8.4957146313836460e-04
2.8374941517264471e-05
-1.1534055509852299e-04
-2.3503398576613576e-06
1.6805035676754471e-05
-5.9497872909367554e-07
-2.1042964374261253e-06
5.9812483788447904e-07
2.6780288895313282e-07
-2.3103992228087249e-07
-4.8956086596771160e-08
5.1282686335947011e-03
-4.7428911812876350e-03
4.3799528293384056e-03
-3.1794444081313048e-03
-3.5548206235681785e-04
7.7611189140349888e-04
3.5603757948214735e-05
-1.0551400863410372e-04
-3.8014733135099943e-06
1.5254607194860248e-05
-3.1908686347407707e-07
-1.9995583928284551e-06
5.2188483829913846e-07
3.5845568628700231e-07
-2.0465935290860278e-07
-9.6370640570881414e-08
4.4383560624927975e-03
-4.6421809407630743e-03
4.1793658051947468e-03
-3.0620767101952437e-03
-3.6790490109676335e-04
7.1080828157280983e-04
4.1407705328714222e-05
-9.6409941018918947e-05
-4.9672544641941906e-06
1.3779661850012527e-05
-8.1784524316741176e-08
-1.8883166587972666e-06
4.3595261113967476e-07
4.2969905076285146e-07
-1.7094866546353386e-07
-1.3345528361436419e-07
3.8133959372635313e-03
-4.5274999050283014e-03
3.9989095164373800e-03
-2.9494421860817382e-03
-3.7789341768180133e-04
6.5258563806218383e-04
4.6040415284057562e-05
-8.8008784473860087e-05
-5.8925491569316972e-06
1.2389729693130022e-05
1.2305783107940146e-07
-1.7721958725837328e-06
3.4482252129211998e-07
4.8181970478603355e-07
-1.3321281336570526e-07
-1.6008804174495414e-07
3.2497970880006732e-03
-4.4030985305642638e-03
3.8365646415386197e-03
-2.8417307592971978e-03
-3.8583808325746847e-04
6.0058354183303582e-04
4.9704883283934584e-05
-8.0278073979942865e-05
-6.6185303458496847e-06
1.1090166587915734e-05
2.9939351556829423e-07
-1.6538015626971637e-06
2.5272343314510512e-07
5.1577197814127408e-07
-9.4115978447673661e-08
-1.7688498130731837e-07
2.7438646106794978e-03
-4.2729007073749178e-03
3.6906645778787212e-03
-2.7391452010181601e-03
-3.9204830536523726e-04
5.5408524325791246e-04
5.2571354831221231e-05
-7.3179245921230318e-05
-7.1789396111778361e-06
9.8839855289725986e-06
4.5046753655223599e-07
-1.5343741380801116e-06
1.6282508387215847e-07
5.3329085750770543e-07
-5.5778291226983318e-08
-1.8494655212641714e-07
2.2917535475907363e-03
-4.1404805107787138e-03
3.5597320556869237e-03
-2.6419448204231030e-03
-3.9677377269885982e-04
5.1246890148868695e-04
5.4781389302652523e-05
-6.6674124756192131e-05
-7.6025233952109060e-06
8.7706402870221114e-06
5.7923465146864799e-07
-1.4155824421976612e-06
7.7706701669236255e-08
5.3664575870444029e-07
-1.9766360879840388e-08
-1.8563226223980932e-07
1.8894291493192414e-03
-4.0090086917195008e-03
3.4423641050050783e-03
-2.5503792102094100e-03
-4.0022865356480663e-04
4.7518356792673082e-04
5.6453771693886753e-05
-6.0723168581256378e-05
-7.9139915606532367e-06
7.7481580743930131e-06
6.8812333725313461e-07
-1.2986347473481344e-06
-8.8275495515265610e-10
5.2817593568976935e-07
1.2908481605616775e-08
-1.8036393602645839e-07
1.5326671618468865e-03
-3.8811696137271180e-03
3.3372257918409917e-03
-2.4645987978646313e-03
-4.0261404584266070e-04
4.4173974569012848e-04
5.7690845952351001e-05
-5.5289848576863141e-05
-8.1343969761378076e-06
6.8136353792200803e-06
7.7941309760434199e-07
-1.1848472521816013e-06
-7.1832119529890298e-08
5.1036154881155336e-07
4.1646235898393485e-08
-1.7057812438418742e-07
1.2171197749233297e-03
-3.7590852133387903e-03
3.2431100921435064e-03
-2.3846325908817153e-03
-4.0412906378741326e-04
4.1172126861585947e-04
5.8577860038109907e-05
-5.0343371166826545e-05
-8.2809565760433605e-06
5.9636775553401661e-06
8.5503493165459219e-07
-1.0751564827725531e-06
-1.3459028888203307e-07
4.8544447350051887e-07
6.6215442866301467e-08
-1.5754559628739276e-07
9.3844085342386393e-04
-3.6442800677283687e-03
3.1589750944734513e-03
-2.3104443860984280e-03
-4.0494997827953712e-04
3.8479221470811458e-04
5.9181640449060364e-05
-4.5854979232810939e-05
-8.3680772361195710e-06
5.1935577792167108e-06
9.1693643681158726e-07
-9.7041598250946471e-07
-1.8908727907553558e-07
4.5555338954135288e-07
8.6648012736405614e-08
-1.4242861856656928e-07
6.9243610828603102e-04
-3.5377016645480779e-03
3.0839057220991154e-03
-2.2419988852437687e-03
-4.0521145367766384e-04
3.6066864963554406e-04
5.9557647228666250e-05
-4.1792928722941835e-05
-8.4086224380691091e-06
4.4984009417167406e-06
9.6688089619166085e-07
-8.7132115207156930e-07
-2.3555586430585164e-07
4.2248967618277108e-07
1.0318237814426617e-07
-1.2616498825990296e-07
4.7520438945520557e-04
-3.4397787087229324e-03
3.0170388463464110e-03
-2.1792573145611263e-03
-4.0502385572200683e-04
3.3909031489265943e-04
5.9755552320474431e-05
-3.8127854676522253e-05
-8.4133139160311383e-06
3.8737676359293786e-06
1.0065023011931356e-06
-7.7846326253721643e-07
-2.7452031432911579e-07
3.8784159920972339e-07
1.1616034857034243e-07
-1.0955665411650035e-07
2.8326508518516875e-04
-3.3505020416169694e-03
2.9575532838862530e-03
-2.1221097453439043e-03
-4.0449384444018397e-04
3.1982454182207871e-04
5.9817068579220509e-05
-3.4834017732269482e-05
-8.3910687037238706e-06
3.3150883687288295e-06
1.0373185457666521e-06
-6.9220671811113404e-07
-3.0661746746473871e-07
3.5288150977432723e-07
1.2601474735652587e-07
-9.3189115655102715e-08
1.1367820593961279e-04
-3.2695376584917332e-03
2.9047390794213058e-03
-2.0703634283391523e-03
-4.0372274962662544e-04
3.0267676897976711e-04
5.9776972185241237e-05
-3.1888488279436432e-05
-8.3494417140691818e-06
2.8180869541490465e-06
1.0607219724090961e-06
-6.1288309810089855e-07
-3.3261790848845103e-07
3.1866328079926856e-07
1.3320014261681504e-07
-7.7542021140555341e-08
-3.5875105540750216e-05
-3.1963945896370696e-03
2.8580203024704239e-03
-2.0238122089570156e-03
-4.0279373936615470e-04
2.8748775294138806e-04
5.9663186689748324e-05
-2.9269883552051886e-05
-8.2946716728212291e-06
2.3785396644553929e-06
1.0779913089439927e-06
-5.4061595533233075e-07
-3.5329400634674917e-07
2.8598082983461641e-07
1.3817707887722784e-07
-6.2917272128181325e-08
-1.6711332937856358e-04
-3.1306102792232420e-03
2.8169075999363953e-03
-1.9822645246438801e-03
-4.0177269574097867e-04
2.7411557338783224e-04
5.9500096380125150e-05
-2.6957846102060742e-05
-8.2321928541825189e-06
1.9926132965259814e-06
1.0902876562027632e-06
-4.7553524888394993e-07
-3.6944038025771460e-07
2.5546568679368233e-07
1.4137974454510576e-07
-4.9557789792475980e-08
-2.8128392370861650e-04
-3.0718774035519178e-03
2.7809961310353540e-03
-1.9455209462117978e-03
-4.0072225930564586e-04
2.6243736436113124e-04
5.9308367066092266e-05
-2.4935241371673565e-05
-8.1663755817165684e-06
1.6568554917498069e-06
1.0986274348463699e-06
-4.1762076861726169e-07
-3.8179084963895892e-07
2.2754906724373474e-07
1.4321167100182731e-07
-3.7574163184783465e-08
-3.7934753189875419e-04
-3.0200949844033332e-03
2.7499836779570925e-03
-1.9134098822114608e-03
-3.9969345928199569e-04
2.5235410232334575e-04
5.9104504115501108e-05
-2.3186573366296893e-05
-8.1008842643568130e-06
1.3680722960304745e-06
1.1039369365593897e-06
-3.6686258321255629e-07
-3.9104786829673231e-07
2.0256414007431816e-07
1.4402995799299954e-07
-2.7054032678171247e-08
-4.6217918328742664e-04
-2.9753196830119696e-03
2.7236203847521723e-03
-1.8858123028089365e-03
-3.9872614274226811e-04
2.4377957241404380e-04
5.8902547813161193e-05
-2.1698071271697187e-05
-8.0387482184953330e-06
1.1234607682075674e-06
1.1069907406302277e-06
-3.2315247322598373e-07
-3.9781335066442383e-07
1.8070440549385622e-07
1.4414487808261153e-07
-1.8005742376611547e-08
-5.3068094759127645e-04
-2.9376222912112283e-03
2.7016888759196934e-03
-1.8626331614554350e-03
-3.9785443208913618e-04
2.3664144057131435e-04
5.8713948490313206e-05
-2.0458117771992306e-05
-7.9824276245035893e-06
9.2060540177262251e-07
1.1084688120038290e-06
-2.8642421712882227e-07
-4.0263799050164269e-07
1.6211696000941584e-07
1.4381976269124295e-07
-1.0434981540121237e-08
-5.8572034958093947e-04
-2.9069614735758049e-03
2.6839985573896340e-03
-1.8437970226265839e-03
-3.9710506002596589e-04
2.3087989851562686e-04
5.8547870928107370e-05
-1.9456859605270477e-05
-7.9338597766734202e-06
7.5742586208939728e-07
1.1089289847458902e-06
-2.5654730973449910e-07
-4.0596586031079189e-07
1.4686250049731437e-07
1.4327153677215444e-07
-4.3024081089254249e-09
-6.2795806124830576e-04
-2.8832031094514887e-03
2.6703879622565129e-03
-1.8292279279721253e-03
-3.9650013479075542e-04
2.2644657954614737e-04
5.8411561951234271e-05
-1.8686302012408467e-05
-7.8945978225769672e-06
6.3225835899788168e-07
1.1088292211848712e-06
-2.3344443873243512e-07
-4.0818086894457749e-07
1.3499663597253036e-07
1.4267392059387658e-07
4.1200426187035233e-10
-6.5781433605989373e-04
-2.8662650491193429e-03
2.6607447265446864e-03
-1.8188620908372118e-03
-3.9605657320258749e-04
2.2330542471685254e-04
5.8310440492455041e-05
-1.8140275882625941e-05
-7.8657554641670471e-06
5.4380279616682162e-07
1.1085093074509125e-06
-2.1699629290151696e-07
-4.0955274986556166e-07
1.2651133494831967e-07
1.4215563335739749e-07
3.7574134470583394e-09
-6.7559815167822523e-04
-2.8561207102615243e-03
2.6549902185037193e-03
-1.8126593931612276e-03
-3.9578589087980494e-04
2.2143080615238139e-04
5.8248295948761810e-05
-1.7814421917704634e-05
-7.8481473081352775e-06
4.9107899482796463e-07
1.1082207671891334e-06
-2.0716864424169881e-07
-4.1029953607406300e-07
1.2142788682716066e-07
1.4181000299907931e-07
5.7457262964393657e-09
-6.8150598280817534e-04
-2.8527421546086151e-03
2.6530773071506259e-03
-1.8105945961788179e-03
-3.9569484690258407e-04
2.2080765600867219e-04
5.8227339793546378e-05
-1.7706097062272210e-05
-7.8422103361162378e-06
4.7358110215052311e-07
1.1081091462613549e-06
-2.0388693271243888e-07
-4.1053178253245594e-07
1.1972778989738884e-07
1.4168802963451105e-07
6.4111448216247480e-09
-9.4666031996093504e-03
2.0044347265544212e-02
-1.3957662907656757e-01
9.7617548636485543e-02
-1.6327228351521800e-02
-6.5473189479841364e-03
-3.7995937642243703e-02
-4.2459395977247780e-02
5.9016495620561236e-02
-2.2469062136562096e-02
-1.5992961517349547e-03
5.3743881439821957e-02
-3.7406455381589231e-02
-1.6643110434533436e-02
2.1451784180718556e-02
-2.1038931121763173e-02
-8.5707492052171028e-03
2.0374773033508601e-02
-1.3811415249396516e-01
9.7314735419193138e-02
-1.6523487765354471e-02
-5.4698517987870655e-03
-3.8354577570849008e-02
-4.2182828228821197e-02
5.8354347747672890e-02
-2.2933529212274456e-02
-8.6794638877997694e-04
5.3066505179335852e-02
-3.7003544233882649e-02
-1.5774243330335124e-02
2.0616566907533832e-02
-2.0955197947177269e-02
-5.8964106611396538e-03
2.1110304226463372e-02
-1.3378748359140918e-01
9.6380051352900634e-02
-1.7006370998548525e-02
-2.3222004451703294e-03
-3.9397008773482643e-02
-4.1307781920162517e-02
5.6357437122001544e-02
-2.4245492377242973e-02
1.1909368141554844e-03
5.1032516375379540e-02
-3.5749871178662129e-02
-1.3316815663454839e-02
1.8238962663332477e-02
-2.0612287432166934e-02
-1.4906599805185555e-03
2.1607302927630093e-02
-1.2677426897863825e-01
9.4740407762731835e-02
-1.7488591817343392e-02
2.6380838718416764e-03
-4.1012573322090448e-02
-3.9709500431716040e-02
5.3012856231672699e-02
-2.6163808676255326e-02
4.1982378348124306e-03
4.7654705817923235e-02
-3.3548091169939585e-02
-9.6913383729380041e-03
1.4690392459972109e-02
-1.9788254688704678e-02
4.5461753189387040e-03
2.1152524786292197e-02
-1.1735758710675986e-01
9.2290197397420365e-02
-1.7584002241344560e-02
8.9802826951498934e-03
-4.2989376593434693e-02
-3.7220194995136208e-02
4.8354871831607207e-02
-2.8307542716049145e-02
7.6033798540723948e-03
4.3008684337615143e-02
-3.0341501276277306e-02
-5.5109376553201979e-03
1.0535427405994171e-02
-1.8264466730762100e-02
1.2037136478905877e-02
1.9326611956767742e-02
-1.0591366243724369e-01
8.8909599487490235e-02
-1.6917150269950332e-02
1.6123604805251331e-02
-4.4996128442032157e-02
-3.3694718713427683e-02
4.2524491781749101e-02
-3.0210422527120223e-02
1.0789659300045922e-02
3.7291048322354942e-02
-2.6215138208246922e-02
-1.4587700010395498e-03
6.4252385090781544e-03
-1.5971721352753734e-02
2.0712129711103852e-02
1.6220265228723451e-02
-9.2904026911574317e-02
8.4485904560021113e-02
-1.5224475439944138e-02
2.3396237868163611e-02
-4.6599986445078477e-02
-2.9098812118543583e-02
3.5807135905505466e-02
-3.1409036085513826e-02
1.3199492189685292e-02
3.0856374606101734e-02
-2.1450889609863140e-02
1.8611930007500458e-03
2.9436355451613974e-03
-1.3070038419650723e-02
3.0206946947195785e-02
1.2383420676589240e-02
-7.8869655871449326e-02
7.8941273351843741e-02
-1.2417301462007764e-02
3.0121258186162944e-02
-4.7343538156923409e-02
-2.3586912494467840e-02
2.8628044234530026e-02
-3.1540216933436727e-02
1.4457695247860504e-02
2.4198897002874475e-02
-1.6497319662683797e-02
4.0650131644734020e-03
4.5754205794086333e-04
-9.9151436317812692e-03
4.0080473655780914e-02
8.5528888806929836e-03
-6.4415202254124851e-02
7.2267089545728205e-02
-8.5980548796527386e-03
3.5705959049252514e-02
-4.6866001798746205e-02
-1.7519033948164495e-02
2.1505642302582645e-02
-3.0422290336495343e-02
1.4453254027962542e-02
1.7866639135916046e-02
-1.1854053300075929e-02
5.0676031890421721e-03
-9.5829024467930881e-04
-6.9283400413574720e-03
4.9848231675600964e-02
5.3339485366571977e-03
-5.0172048911090783e-02
6.4555024070761122e-02
-4.0381979351723140e-03
3.9716460431361206e-02
-4.5010549600225297e-02
-1.1393424839621323e-02
1.4967510304813641e-02
-2.8102866662612313e-02
1.3342713300046681e-02
1.2338039018114462e-02
-7.9250950938208557e-03
5.0578570227781082e-03
-1.4843805146313874e-03
-4.4436819708020452e-03
5.9028579267518894e-02
3.0102903762471277e-03
-3.6741284401607816e-02
5.6009780142472272e-02
8.7400245011566298e-04
4.1928681131312123e-02
-4.1863712312893965e-02
-5.7268828901559177e-03
9.4417425780997585e-03
-2.4849473580401231e-02
1.1473117766561916e-02
7.9165010936148514e-03
-4.9190834946072539e-03
4.3844397856486611e-03
-1.4338395289066163e-03
-2.6148640077533073e-03
6.7194944482813490e-02
1.5487127412293893e-03
-2.4630150658915367e-02
4.6934717150916717e-02
5.7088315802442651e-03
4.2345331372162009e-02
-3.7718810557475856e-02
-9.3777150510167132e-04
5.1662134413920273e-03
-2.1070006207848446e-02
9.2600205413921732e-03
4.6857745252232158e-03
-2.8366604341447665e-03
3.4167151388408601e-03
-1.1161056759823695e-03
-1.4165648003770001e-03
7.4023558544208362e-02
7.3683542233340417e-04
-1.4199486024473100e-02
3.7692593251721612e-02
1.0076283798767660e-02
4.1170780517245376e-02
-3.2988646174837738e-02
2.7299284275036904e-03
2.1623242175460495e-03
-1.7194898150716918e-02
7.0702720816410713e-03
2.5362693786489415e-03
-1.5284708138540370e-03
2.4417648808345328e-03
-7.5075020571356002e-04
-7.1316561722336268e-04
7.9325140959883522e-02
3.3272123215707738e-04
-5.6363971080245932e-03
2.8652702182334129e-02
1.3689922516681127e-02
3.8749792685702784e-02
-2.8102169163733166e-02
5.2249430964489809e-03
2.7697485930837276e-04
-1.3576248094283866e-02
5.1496793911361060e-03
1.2409270069706697e-03
-7.8129700837190844e-04
1.6231372948678545e-03
-4.4913789757182790e-04
-3.4037813087997403e-04
8.3052769053780354e-02
1.4881943050892878e-04
1.0420931862422872e-03
2.0139850513021609e-02
1.6397752887453494e-02
3.5488922091915009e-02
-2.3420050852371258e-02
6.6545507239572557e-03
-7.3972531422836143e-04
-1.0435808561657170e-02
3.6093409663258622e-03
5.4160302816955044e-04
-3.9173035300150543e-04
1.0145680995916546e-03
-2.4150695376143412e-04
-1.5992861439837020e-04
8.5285649833199931e-02
6.9612985745220446e-05
5.9587424915598826e-03
1.2398220724494223e-02
1.8177618402451058e-02
3.1783107157903702e-02
-1.9189714319884872e-02
7.2224124012463800e-03
-1.1565079154280268e-03
-7.8631125174101930e-03
2.4555146785872348e-03
2.1208900832220804e-04
-2.0488154201963701e-04
6.0102430026836705e-04
-1.1588679369434081e-04
-7.8408981211803823e-05
8.6195666571059024e-02
3.5502187499545932e-05
9.3304418816851937e-03
5.5763269787944148e-03
1.9107246930244414e-02
2.7964411835516831e-02
-1.5539455800014843e-02
7.1649689774011547e-03
-1.2067272747459405e-03
-5.8472123904001298e-03
1.6347127876089869e-03
8.5885124998444140e-05
-1.2065177544417856e-04
3.3867279130046736e-04
-4.7497655010722503e-05
-4.2456640900512031e-05
8.6007228112340198e-02
1.9835222140579737e-05
1.1420402597751846e-02
-2.6831869640569442e-04
1.9324465941408037e-02
2.4278098732735280e-02
-1.2499448126445893e-02
6.7035083759356849e-03
-1.0648592613505623e-03
-4.3188194254201572e-03
1.0722929235132698e-03
5.6453499889850756e-05
-8.2776998039848121e-05
1.8080411763508905e-04
-1.3791751259961621e-05
-2.5680472872564552e-05
8.4960203919510202e-02
1.1886393847223541e-05
1.2498285302072972e-02
-5.1514989692442812e-03
1.8990231311661897e-02
2.0881598632394940e-02
-1.0033921916806736e-02
6.0181859805968317e-03
-8.4604156991109169e-04
-3.1860057357189129e-03
6.9644900601789313e-04
6.3927406504791999e-05
-6.3534503576381961e-05
8.9648037959652978e-05
9.6203609279297776e-07
-1.6631504873526074e-05
8.3282049518036028e-02
7.5393385074597619e-06
1.2812949430013073e-02
-9.1394539734963691e-03
1.8261453124669844e-02
1.7857827655483986e-02
-8.0716717717075424e-03
5.2407299826240320e-03
-6.1735290740580452e-04
-2.3576669997696646e-03
4.4886257010200674e-04
7.9114243969262776e-05
-5.1003041122080810e-05
3.8805929218225726e-05
6.2157926933769639e-06
-1.0891571485846392e-05
8.1170932610801397e-02
5.0968497837952741e-06
1.2577854313852343e-02
-1.2327080384896072e-02
1.7275202793008634e-02
1.5234164863115827e-02
-6.5289521253276582e-03
4.4584653741031217e-03
-4.1235475410273602e-04
-1.7554098978609068e-03
2.8669697056735150e-04
9.0346482120158417e-05
-4.0872380429751453e-05
1.1420827493816659e-05
7.1165676151993887e-06
-6.8978453362422213e-06
7.8788585532980016e-02
3.7313830194631461e-06
1.1966395745417776e-02
-1.4820627084332906e-02
1.6142180998789311e-02
1.3001006313778592e-02
-5.3239695770946182e-03
3.7233905156337514e-03
-2.4390887029174718e-04
-1.3171914237466939e-03
1.8043490000368880e-04
9.4675573754917408e-05
-3.1976893885104574e-05
-2.6427085427192144e-06
6.2641360459829022e-06
-4.0846727497551665e-06
7.6260133356198911e-02
2.9719834362745070e-06
1.1113590114536514e-02
-1.6725860166797391e-02
1.4946257031697689e-02
1.1127034192902417e-02
-4.3843631840289263e-03
3.0621604277334571e-03
-1.1349461108154869e-04
-9.9646439146723609e-04
1.1052452164448711e-04
9.2806690636299972e-05
-2.4187418420410344e-05
-9.2634286198538065e-06
4.8834484727882939e-06
-2.1714612850237541e-06
7.3677981810091733e-02
2.5239044896544144e-06
1.0120989925374411e-02
-1.8141069941322148e-02
1.3747358714464003e-02
9.5704457419802675e-03
-3.6498796247520600e-03
2.4847098531948098e-03
-1.7200801380406697e-05
-7.5948692988530100e-04
6.4300750892636743e-05
8.6554164052321747e-05
-1.7583485437346910e-05
-1.1791137491114049e-05
3.5093147312089145e-06
-9.4426258290549051e-07
7.1107467115875289e-02
2.2155139963763407e-06
9.0626894133620135e-03
-1.9153684561008171e-02
1.2585757834622090e-02
8.2864534564360201e-03
-3.0723077788518322e-03
1.9907895105775227e-03
5.0822824611512465e-05
-5.8229788384759392e-04
3.3638857868535356e-05
7.7728817160215293e-05
-1.2192136097620191e-05
-1.2119488436217823e-05
2.3460271065898957e-06
-2.1720957385137411e-07
6.8592735611494690e-02
1.9618585390793779e-06
7.9911750740728517e-03
-1.9839252699283629e-02
1.1486530826411441e-02
7.2318273540427401e-03
-2.6141132467003688e-03
1.5745219696138837e-03
9.6583199848975835e-05
-4.4807051213427277e-04
1.3319506073189093e-05
6.7756587681063298e-05
-7.9461228619414033e-06
-1.1320386240768655e-05
1.4429690533317126e-06
1.6607133610346992e-07
6.6162045241357964e-02
1.7268271874666755e-06
6.9424274166232413e-03
-2.0261808384785609e-02
1.0463560355863016e-02
6.3673232365624019e-03
-2.2466345113413273e-03
1.2273830686747858e-03
1.2543949516462561e-04
-3.4503714258569810e-04
-4.0281364768741069e-08
5.7630877009645314e-05
-4.7140609907725453e-06
-1.0001983384861578e-05
7.8288810306806364e-07
3.2960308789115284e-07
6.3832150914905184e-02
1.5022660689064622e-06
5.9400877533902418e-03
-2.0474925429602015e-02
9.5228340894774419e-03
5.6587210416241280e-03
-1.9482797272725278e-03
9.4004618744574658e-04
1.4183267027480362e-04
-2.6495923544473071e-04
-8.6592367798275543e-06
4.7979545396286255e-05
-2.3356175519131548e-06
-8.5066590449201635e-06
3.2471635207817411e-07
3.6412507591840611e-07
6.1611729363816939e-02
1.2929815971547713e-06
4.9987262544421707e-03
-2.0523023019689529e-02
8.6650221499059536e-03
5.0770128993786884e-03
-1.7029262475800296e-03
7.0344098095398129e-04
1.4927241854407707e-04
-2.0203904464678697e-04
-1.4014680811805428e-05
3.9154391719281867e-05
-6.4773750369673875e-07
-7.0228726638582728e-06
2.2389976609693174e-08
3.3105247932070804e-07
5.9503939680504693e-02
1.1059699612246944e-06
4.1263439638396923e-03
-2.0442679434442664e-02
7.8874088778258696e-03
4.5981091733127803e-03
-1.4985952436276306e-03
5.0930222006529183e-04
1.5043943154677589e-04
-1.5215304788798490e-04
-1.7108531876108148e-05
3.1315344815764504e-05
5.0001460632757741e-07
-5.6484991687632027e-06
-1.6636931722971648e-07
2.6936359581503426e-07
5.7508289143698120e-02
9.4644211086248084e-07
3.3262653578668418e-03
-2.0263838418673144e-02
7.1852913078764881e-03
4.2023064645245215e-03
-1.3263934270879264e-03
3.5040222707585582e-04
1.4733259605070732e-04
-1.1232391228028701e-04
-1.8633689220826210e-05
2.4498509776264395e-05
1.2381814981975525e-06
-4.4288278403768306e-06
-2.7624141765492767e-07
2.0186106972595451e-07
5.5621958852678136e-02
8.1632030836366015e-07
2.5985636860625305e-03
-2.0010869020249310e-02
6.5529598730242637e-03
3.8736638180400552e-03
-1.1796926858043577e-03
2.2058840914873477e-04
1.4141527196887135e-04
-8.0364019486913336e-05
-1.9077713218895151e-05
1.8666531027167155e-05
1.6741470378251050e-06
-3.3787346167927324e-06
-3.3368868084430968e-07
1.4010023017045895e-07
5.3840735033412850e-02
7.1452950325504573e-07
1.9411346262105684e-03
-1.9703482965111853e-02
5.9843560129703840e-03
3.5993715819689484e-03
-1.0535150160448370e-03
1.1471373228667802e-04
1.3374369210651888e-04
-5.4634676114425940e-05
-1.8787847661624403e-05
1.3742543573902959e-05
1.8929918691758626e-06
-2.4951583221020248e-06
-3.5807639488360967e-07
8.8459761805022356e-08
5.2159665622112689e-02
6.3778006961419362e-07
1.3504989060766108e-03
-1.9357530316886244e-02
5.4734835344228405e-03
3.3691664775250567e-03
-9.4407987396350650e-04
2.8518883565714490e-05
1.2507219078568263e-04
-3.3886234962988208e-05
-1.8013116096383455e-05
9.6318074524653516e-06
1.9606264914318521e-06
-1.7653465029321536e-06
-3.6289382304303699e-07
4.7532180187056449e-08
5.0573516635499242e-02
5.8142500222449477e-07
8.2239062700819362e-04
-1.8985690226081146e-02
5.0146412605722559e-03
3.1748238133828452e-03
-8.4847771772895617e-04
-4.1501322080682079e-05
1.1593291924932952e-04
-1.7150789413206526e-05
-1.6932350501622348e-05
6.2348050337822027e-06
1.9266651457569779e-06
-1.1720858685629162e-06
-3.5690831027046026e-07
1.5936744137741973e-08
4.9077084484640709e-02
5.4066578220461704e-07
3.5217190029359664e-04
-1.8598067310696867e-02
4.6025344882867818e-03
3.0097398838421097e-03
-7.6443836032774224e-04
-9.8225825086543524e-05
1.0669581376050242e-04
-3.6676987528590153e-06
-1.5673703357932119e-05
3.4545664529598660e-06
1.8277114336128433e-06
-6.9660961761107167e-07
-3.4559731195888064e-07
-8.4327916112149940e-09
4.7665404274010163e-02
5.1082335598221153e-07
-6.4890982901566910e-05
-1.8202696860086787e-02
4.2323146361967880e-03
2.8686030983250434e-03
-6.9016703935354841e-04
-1.4401998259809908e-04
9.7613541061459744e-05
7.1682029684610926e-06
-1.4328570990657727e-05
1.2010212752915744e-06
1.6902118993124844e-06
-3.2065145233358770e-07
-3.3210878292459263e-07
-2.7614477108146051e-08
4.6333873231387955e-02
4.8802611616031338e-07
-4.3345664655636219e-04
-1.7805960073002603e-02
3.8995830139261717e-03
2.7471385092031476e-03
-6.2422820848656287e-04
-1.8083037861787180e-04
8.8854596049881666e-05
1.5842956488162886e-05
-1.2961255298899708e-05
-6.0696751297352140e-07
1.5327783332577221e-06
-2.7379268747708953e-08
-3.1802934281534692e-07
-4.3345176872968724e-08
4.5078308332879673e-02
4.6915477179136121e-07
-7.5801082788341540e-04
-1.7412914867594415e-02
3.6003784496465630e-03
2.6419066046837240e-03
-5.6546299297626174e-04
-2.1026143988717332e-04
8.0526992556483124e-05
2.2749586968602844e-05
-1.1616095548239434e-05
-2.0410161816474726e-06
1.3681286209186798e-06
1.9812028302370517e-07
-3.0406406259059558e-07
-5.6893729238259201e-08
4.3894957505956289e-02
4.5199097254826732e-07
-1.0428152820995869e-03
-1.7027553275650024e-02
3.3311561602466255e-03
2.5501410821253912e-03
-5.1292760323066794e-04
-2.3363548866093037e-04
7.2695105098290809e-05
2.8207446855480234e-05
-1.0322634292573105e-05
-3.1634349486340315e-06
1.2047142993780846e-06
3.6872541990479588e-07
-2.9039009977321475e-07
-6.9085713804579291e-08
4.2780479989735012e-02
4.3505076302918408e-07
-1.2918825071199735e-03
-1.6652998525004833e-02
3.0887611654929407e-03
2.4696163168640628e-03
-4.6584547785462034e-04
-2.5204154227060678e-04
6.5391524060468996e-05
3.2477438220861502e-05
-9.0995819521081397e-06
-4.0279779944269967e-06
1.0478627312923540e-06
4.9531539335799316e-07
-2.7693940628877455e-07
-8.0402755780160589e-08
4.1731904607998929e-02
4.1752111242670270e-07
-1.5089628902564382e-03
-1.6291657294512069e-02
2.8703972533060153e-03
2.3985380680933408e-03
-4.2356974474541946e-04
-2.6637622194937357e-04
5.8626274169673310e-05
3.5774244073147530e-05
-7.9578995800537741e-06
-4.6806660472808839e-06
9.0076319320704081e-07
5.8695032326784511e-07
-2.6358291839498044e-07
-9.1047890631317724e-08
4.0746584528432987e-02
3.9903140840259308e-07
-1.6975369683945964e-03
-1.5945341763975582e-02
2.6735928570102725e-03
2.3354546512098133e-03
-3.8555482188337595e-04
-2.7737882306988043e-04
5.2394005110288800e-05
3.8275444621613197e-05
-6.9030356803689672e-06
-5.1605499478815546e-06
7.6506166220207722e-07
6.5103156689452380e-07
-2.5019120669472660e-07
-1.0106104535395115e-07
3.9822149116947224e-02
3.7958055520850326e-07
-1.8608120036620727e-03
-1.5615372026415207e-02
2.4961649752407431e-03
2.2791860426019752e-03
-3.5133559410572434e-04
-2.8566078484848273e-04
4.6679222614101440e-05
4.0128410307427004e-05
-5.9364684197857803e-06
-5.5005382621484156e-06
6.4139856266986540e-07
6.9360939905220086e-07
-2.3670006952333860e-07
-1.1038440057943108e-07
3.8956455647425038e-02
3.5936564250977385e-07
-2.0017242844172921e-03
-1.5302664476994928e-02
2.3361838519994154e-03
2.2287697463709249e-03
-3.2051255421343075e-04
-2.9172961949141152e-04
4.1459955480856433e-05
4.1455644333561246e-05
-5.0569374849810935e-06
-5.7282520461522082e-06
5.2974085312118379e-07
7.1953945243940249e-07
-2.2311159945274175e-07
-1.1892024673234659e-07
3.8147548235511905e-02
3.3872361003116522e-07
-2.1229482903093169e-03
-1.5007807024154328e-02
2.1919418484344301e-03
2.1834208959327513e-03
-2.9274081860513408e-04
-2.9600775902860585e-04
3.6710363489165266e-05
4.2359137830504096e-05
-4.2613383136915615e-06
-5.8667770611357845e-06
4.2965870932127867e-07
7.3274342922938370e-07
-2.0947973488917798e-07
-1.2657576707911802e-07
3.7393614848995678e-02
3.1801906416242919e-07
-2.2269098351478441e-03
-1.4731119945414267e-02
2.0619285830180949e-03
2.1425012590858749e-03
-2.6772167251800716e-04
-2.9884732162298045e-04
3.2402595642901544e-05
4.2923841493429065e-05
-3.5454018790055495e-06
-5.9353282178280348e-06
3.4046415691571160e-07
7.3633068761637495e-07
-1.9590664754390701e-07
-1.3327575874637240e-07
3.6692951626868760e-02
2.9763218368459112e-07
-2.3157991781931329e-03
-1.4472704812449683e-02
1.9448105239171184e-03
2.1054926875557242e-03
-2.4519533740006982e-04
-3.0054168754283119e-04
2.8508051726795114e-05
4.3220526553258863e-05
-2.9041459316443284e-06
-5.9498419769721516e-06
2.6136053988786063e-07
7.3280081323045944e-07
-1.8251812198629200e-07
-1.3897948751111798e-07
3.6043931465425012e-02
2.7788043434070898e-07
-2.3915816092950253e-03
-1.4232486310233310e-02
1.8394123351577344e-03
2.0719741708168558e-03
-2.2493474936561303e-04
-3.0133521376413575e-04
2.4998247219019572e-05
4.3308226215009438e-05
-2.3322690719124254e-06
-5.9235090205852407e-06
1.9149580883632584e-07
7.2411953020762587e-07
-1.6944949805816962e-07
-1.4369087913218547e-07
3.5444987655048818e-02
2.5905911333029902e-07
-2.4560067573189117e-03
-1.4010251300343305e-02
1.7446990622737421e-03
2.0416031394116171e-03
-2.0674052723383115e-04
-3.0143177663604704e-04
2.1845552498098302e-05
4.3236255164306558e-05
-1.8243895715566906e-06
-5.8672008224131693e-06
1.3003490473705716e-07
7.1186542216830783e-07
-1.5683602624002720e-07
-1.4744275880767382e-07
3.4894603611365073e-02
2.4136423263879184e-07
-2.5106189935769846e-03
-1.3805686312956415e-02
1.6597600759100293e-03
2.0141009883651376e-03
-1.9043732305706505e-04
-3.0100188781675464e-04
1.9023698265183478e-05
4.3045765348065663e-05
-1.3752359330225965e-06
-5.7898426784297448e-06
7.6162762293962813e-08
6.9727161194335257e-07
-1.4480271975200227e-07
-1.5030541062477023e-07
3.4391314629474576e-02
2.2497451683731050e-07
-2.5567711407401047e-03
-1.3618412012442908e-02
1.5837957331972371e-03
1.9892421602245303e-03
-1.7587110520124181e-04
-3.0018814266027650e-04
1.6508043800654481e-05
4.2771040702250314e-05
-9.7975267509340135e-07
-5.6987444450885585e-06
2.9133544685901011e-08
6.8133527000919399e-07
-1.3345537789519322e-07
-1.5236398553233112e-07
3.3933716117118540e-02
2.0997052846431842e-07
-2.5956396823553687e-03
-1.3448012341694546e-02
1.5161065232306300e-03
1.9668445237642712e-03
-1.6290667832388999e-04
-2.9910960668147566e-04
1.4275728698057919e-05
4.2440601130943349e-05
-6.3319476688926558e-07
-5.5998679520664101e-06
-1.1753747619234946e-08
6.6482421620840307e-07
-1.2288325793324079e-07
-1.5372499440220908e-07
3.3520476245018804e-02
1.9641975796890275e-07
-2.6282403911350805e-03
-1.3294059406836378e-02
1.4560829629262724e-03
1.9467603749727873e-03
-1.5142524135434906e-04
-2.9786553225572297e-04
1.2305791380602849e-05
4.2078156310954258e-05
-3.3116825281358079e-07
-5.4980532246631612e-06
-4.7117716854912724e-08
6.4836520908741720e-07
-1.1315399407852304e-07
-1.5449872414685645e-07
3.3150355419077675e-02
1.8432171772836933e-07
-2.6554447183913324e-03
-1.3156134255205008e-02
1.4031960338576632e-03
1.9288697108968086e-03
-1.4132283506289542e-04
-2.9653865040321674e-04
1.0579214146900497e-05
4.1703355423910183e-05
-6.9676533723098100e-08
-5.3972230088357295e-06
-7.7528110859954230e-08
6.3243684237987871e-07
-1.0431546510757470e-07
-1.5480049205982114e-07
3.2822219839678410e-02
1.7368294814993304e-07
-2.6779971843846903e-03
-1.3033842233968456e-02
1.3569889238867012e-03
1.9130749217327915e-03
-1.3250891912465444e-04
-2.9519770578591601e-04
9.0789564611517707e-06
4.1332409232957515e-05
1.5488308569669195e-07
-5.3005292769984115e-06
-1.0347388707289796e-07
6.1743274424716569e-07
-9.6398621027791724e-08
-1.5474134289658291e-07
3.2535055568168908e-02
1.6445376608208654e-07
-2.6965314046555719e-03
-1.2926821744758675e-02
1.3170699570175565e-03
1.8992963787890047e-03
-1.2490514562992150e-04
-2.9389955576470658e-04
7.7899005248494812e-06
4.0978652641059793e-05
3.4570079995234261e-07
-5.2104979453671888e-06
-1.2539617101685922e-07
6.0364291104727910e-07
-8.9423454432413997e-08
-1.5442773015832460e-07
3.2287970470408656e-02
1.5660464211057466e-07
-2.7115834445278915e-03
-1.2834748624127609e-02
1.2831062049746345e-03
1.8874691646466161e-03
-1.1844435825364209e-04
-2.9269092502458988e-04
6.6988581766314091e-06
4.0652955949702023e-05
5.0556757126843773e-07
-5.1291293779599915e-06
-1.4366366973486781e-07
5.9131483903448112e-07
-8.3395442253918430e-08
-1.5395352416315728e-07
3.2080197455269063e-02
1.5006903895802362e-07
-2.7236019061607996e-03
-1.2757337506587554e-02
1.2548182772856608e-03
1.8775409123312050e-03
-1.1306991461325716e-04
-2.9160983787312713e-04
5.7945064950694479e-06
4.0364080625158251e-05
6.3687153247932563e-07
-5.0580017274049153e-06
-1.5860086244711355e-07
5.8061913298438892e-07
-7.8314495180338309e-08
-1.5340682977223166e-07
3.1911087591939578e-02
1.4481010910350214e-07
-2.7329549459557483e-03
-1.2694342868387073e-02
1.2319761341426066e-03
1.8694699247594480e-03
-1.0873481225242705e-04
-2.9068673110066532e-04
5.0673550293222217e-06
4.0119001981640234e-05
7.4161626496899420e-07
-4.9983328032469573e-06
-1.7046623740476118e-07
5.7170686244349997e-07
-7.4174456953020327e-08
-1.5285860016239317e-07
3.1780109028921408e-02
1.4076833429565018e-07
-2.7399354373155238e-03
-1.2645560772903561e-02
1.2143958652583214e-03
1.8632239621917818e-03
-1.0540137397620374e-04
-2.8994537881620356e-04
4.5096998477426312e-06
3.9923120349835068e-05
8.2142041699653874e-07
-4.9510472142215780e-06
-1.7948042260333147e-07
5.6467177476443068e-07
-7.0967398720944355e-08
-1.5237068584932870e-07
3.1686848353520987e-02
1.3791828570332166e-07
-2.7447658562796944e-03
-1.2610831248257008e-02
1.2019371142840101e-03
1.8587790660841395e-03
-1.0304073995639950e-04
-2.8940356251399912e-04
4.1155978360824004e-06
3.9780442812841694e-05
8.7753899898078271e-07
-4.9168201850108199e-06
-1.8580022616482643e-07
5.5960064330670334e-07
-6.8684199723325945e-08
-1.5198730654547810e-07
3.1631009717800522e-02
1.3621487579826071e-07
-2.7476023729767450e-03
-1.2590039597801136e-02
1.1945010208158674e-03
1.8561186084791158e-03
-1.0163246256334611e-04
-2.8907363745225156e-04
3.8808205073112271e-06
3.9693754456808653e-05
9.1085544916791295e-07
-4.8961074700241402e-06
-1.8954876005957384e-07
5.5653409630871905e-07
-6.7317593466055686e-08
-1.5174500032062604e-07
3.1612416659963047e-02
1.3565378515354737e-07
-2.7485376494358555e-03
-1.2583116739994626e-02
1.1920288164062251e-03
1.8552328473805939e-03
-1.0116437514990808e-04
-2.8896286086197142e-04
3.8028420227513441e-06
3.9664685548057272e-05
9.2190251949223281e-07
-4.8891725952113842e-06
-1.9078882554768087e-07
5.5551224538648850e-07
-6.6862493273429271e-08
-1.5166164935317618e-07
-1.1550893239039985e-02
-4.0939822212078292e-04
2.1896557296771230e-01
-6.9477809208343935e-04
-9.2451227655910846e-04
-2.1656654734087655e-03
2.0362881115795419e-03
-4.7823531794623155e-06
-5.6301310405101478e-04
1.3055382057860058e-03
-6.3029463534801898e-04
-6.7445437134110837e-04
5.4511230552047865e-04
-1.9626979779209842e-04
-1.0980690990791326e-05
3.5919610102079567e-04
-1.1581611680202972e-02
-4.0399401131995509e-04
-1.5689141019022999e-05
-6.7744564643797893e-04
-9.3793531548951471e-04
-2.1760408146645521e-03
2.0386322685904189e-03
-1.5062317802180967e-05
-5.5230728103383296e-04
1.3055063676746298e-03
-6.3175638674487649e-04
-6.6405016391682034e-04
5.3687130150104534e-04
-1.9982589772410907e-04
-6.6567641398019530e-06
3.5385474113468348e-04
-1.1673011553687314e-02
-3.8739249656775975e-04
-6.2117170313126017e-05
-6.2508412853534993e-04
-9.7823408067775151e-04
-2.2060223411880979e-03
2.0446096403591691e-03
-4.5682702085771750e-05
-5.2058273791058009e-04
1.3043735351367881e-03
-6.3505800488370355e-04
-6.3326190027214696e-04
5.1239747451495656e-04
-2.0940342172049258e-04
5.3721441812593859e-06
3.3784481411430506e-04
-1.1822832296554229e-02
-3.5890538188016824e-04
-1.3735248948557223e-04
-5.3669591277553149e-04
-1.0453568248273543e-03
-2.2522383526539010e-03
2.0511691134466963e-03
-9.5873127177226305e-05
-4.6913782158341827e-04
1.2992262783710603e-03
-6.3720178166356764e-04
-5.8349781316360046e-04
4.7262527672405205e-04
-2.2198007897895227e-04
2.2470701307975712e-05
3.1143506184042822e-04
-1.2027325952633075e-02
-3.1869962248264841e-04
-2.3814409549994129e-04
-4.1091935993827324e-04
-1.1387865527980848e-03
-2.3093036017936956e-03
2.0536225049844824e-03
-1.6400727351132668e-04
-4.0046783380999772e-04
1.2858584311611332e-03
-6.3399581708377102e-04
-5.1746426123215573e-04
4.1960881980064639e-04
-2.3332068281500134e-04
4.0887151272576147e-05
2.7568296444004889e-04
-1.2281293539116988e-02
-2.6891200831927203e-04
-3.5991609179147546e-04
-2.4643160784916464e-04
-1.2570246733377215e-03
-2.3702447656135540e-03
2.0462810954709268e-03
-2.4720473518118991e-04
-3.1854665693460237e-04
1.2596809463173246e-03
-6.2111603892157051e-04
-4.3942056301224386e-04
3.5688342378434107e-04
-2.3904888144683306e-04
5.6655102400401525e-05
2.3291153631656790e-04
-1.2578159042814157e-02
-2.1394202680196004e-04
-4.9683056070144380e-04
-4.2429585171138918e-05
-1.3971049129476076e-03
-2.4271727596567221e-03
2.0233708662864150e-03
-3.4101786680789591e-04
-2.2886832919512354e-04
1.2168154959880954e-03
-5.9528861650072983e-04
-3.5509146479121087e-04
2.8939955411753568e-04
-2.3583250528194896e-04
6.6626379781481635e-05
1.8673511989809847e-04
-1.2910114607913286e-02
-1.5957195734772796e-04
-6.4196992886425856e-04
2.0087579968244073e-04
-1.5543068638462635e-03
-2.4721646845543409e-03
1.9801283027805179e-03
-4.3942326527466463e-04
-1.3807499468476239e-04
1.1551406598834112e-03
-5.5527964728980378e-04
-2.7106219179253018e-04
2.2285041975270855e-04
-2.2232363739759119e-04
6.9294953204665608e-05
1.4145902331575612e-04
-1.3268370267368382e-02
-1.1128540931161298e-04
-7.8768011344394664e-04
4.8182909329567438e-04
-1.7221908964340968e-03
-2.4982398428360195e-03
1.9138415087786497e-03
-5.3527691023673614e-04
-5.3142894968636134e-05
1.0750176260933932e-03
-5.0236414771771874e-04
-1.9372688165083992e-04
1.6254834717195854e-04
-1.9949335150520631e-04
6.5069068465589721e-05
1.0104999139074122e-04
-1.3643524332093074e-02
-7.2673856450049024e-05
-9.2608211489741033e-04
7.9705285085646745e-04
-1.8929972719378622e-03
-2.5002630250674581e-03
1.8245274005267815e-03
-6.2120927751097552e-04
1.9717041545934774e-05
9.7945303546556378e-04
-4.4008341152681097e-04
-1.2812045192142936e-04
1.1230271755540792e-04
-1.7021172781826109e-04
5.5871157940288317e-05
6.8161592812447243e-05
-1.4026042808971117e-02
-4.4742479485713645e-05
-1.0497032138190761e-03
1.1414047703285825e-03
-2.0583651518923563e-03
-2.4755940080695171e-03
1.7150157060358663e-03
-6.9072899629688575e-04
7.6119234499702690e-05
8.7358956270502496e-04
-3.7336402625072203e-04
-7.7065914748656361e-05
7.3782772149204404e-05
-1.3826768643249138e-04
4.4282396775043838e-05
4.3677258321690944e-05
-1.4406798322426541e-02
-2.6316936609020677e-05
-1.1521256172529102e-03
1.5082097284075347e-03
-2.2102381470696661e-03
-2.4243344635726236e-03
1.5904104641468496e-03
-7.3920643249213050e-04
1.1415082169433056e-04
7.6365761301646002e-04
-3.0732584057801789e-04
-4.0941969532956895e-05
4.6581260914643650e-05
-1.0726477906497605e-04
3.2657313977851621e-05
2.6913727032662834e-05
-1.4777591384262614e-02
-1.5094253636900094e-05
-1.2285260979270328e-03
1.8897404606066422e-03
-2.3417571360392930e-03
-2.3491149734286708e-03
1.4571056304204695e-03
-7.6445499106188894e-04
1.3439177002654644e-04
6.5574957618265721e-04
-2.4620967276382848e-04
-1.8099110977725992e-05
2.8842229079339780e-05
-7.9816469884312852e-05
2.2570377229024045e-05
1.6261942435832644e-05
-1.5131567483810395e-02
-8.6655324522441461e-06
-1.2759992581254567e-03
2.2778539835481499e-03
-2.4479373859633362e-03
-2.2544896555592312e-03
1.3216594328469718e-03
-7.6677765032700455e-04
1.3936866655521736e-04
5.5481607443650207e-04
-1.9275444286764423e-04
-5.6851692258736999e-06
1.8101791252355291e-05
-5.7251630475349159e-05
1.4706228602409520e-05
9.8871845870976841e-06
-1.5463463479281892e-02
-5.1106994921005584e-06
-1.2936127022496365e-03
2.6646529239018864e-03
-2.5259966058148371e-03
-2.1461081915420920e-03
1.1898360520999336e-03
-7.4853579552271296e-04
1.3270326240771729e-04
4.6412821033498740e-04
-1.4811262675290161e-04
-5.2555053210499621e-07
1.1994343967489044e-05
-3.9775406512235391e-05
9.0677745484541962e-06
6.2095197111189476e-06
-1.5769656676370553e-02
-3.1504928097776264e-06
-1.2822118072322074e-03
3.0430461956081497e-03
-2.5753114233293462e-03
-2.0298718787456578e-03
1.0660086573511549e-03
-7.1343685892986226e-04
1.1826068523557737e-04
3.8523323162403502e-04
-1.1216334558540226e-04
2.2067171885111402e-07
8.6474238397458051e-06
-2.6862267211984190e-05
5.2886710829831433e-06
4.0938214122902374e-06
-1.6048038726601464e-02
-2.0381560729914323e-06
-1.2440486055979283e-03
3.4071267774797463e-03
-2.5970821964798802e-03
-1.9112427867046134e-03
9.5296320110824402e-04
-6.6577053394356221e-04
9.9517281956638473e-05
3.1826214264804603e-04
-8.3987589513579480e-05
-1.2699516940804398e-06
6.7815684377961934e-06
-1.7658493052902945e-05
2.8930456832169801e-06
2.8297006221565632e-06
-1.6297770513331773e-02
-1.3764566360404015e-06
-1.1823333026271929e-03
3.7523435244945624e-03
-2.5938379830564382e-03
-1.7947933442742201e-03
8.5202157245881864e-04
-6.0977170399608880e-04
7.9223146240777582e-05
2.6238687179864546e-04
-6.2312127775047672e-05
-3.5395921256953027e-06
5.6283535408733924e-06
-1.1272565904731822e-05
1.4468822695280022e-06
2.0194704704468477e-06
-1.6518984532536581e-02
-9.6423980745530932e-07
-1.1007978151134008e-03
4.0754946922256551e-03
-2.5689116880682804e-03
-1.6840021828417038e-03
7.6334666984785235e-04
-5.4919554471927917e-04
5.9318311153674512e-05
2.1626456933365691e-04
-4.5826289956794514e-05
-5.7392364884570525e-06
4.7817326800229354e-06
-6.9300668918335755e-06
6.1534440571897247e-07
1.4590679362902497e-06
-1.6712493798169404e-02
-6.9908685077519423e-07
-1.0033303788856238e-03
4.3745980856431214e-03
-2.5259782006537453e-03
-1.5812470247977470e-03
6.8630193936747481e-04
-4.8710391517044655e-04
4.1013267596720873e-05
1.7838197616934739e-04
-3.3358832253074346e-05
-7.4593086974410911e-06
4.0572191211669740e-06
-4.0248627874545679e-06
1.6456528312792382e-07
1.0493312923677968e-06
-1.6879543613543182e-02
-5.2563657150120887e-07
-8.9370635119020167e-04
4.6486967189658078e-03
-2.4687011820125160e-03
-1.4879242606962223e-03
6.1978137519367541e-04
-4.2581603569813973e-04
2.4944918208901901e-05
1.4727695819006449e-04
-2.3946534514931896e-05
-8.5682496855274721e-06
3.3886253829480967e-06
-2.1120423890220591e-06
-5.8729267410237259e-08
7.4195878733363479e-07
-1.7021621957192253e-02
-4.1128664669828367e-07
-7.7541349722984451e-04
4.8976472433062994e-03
-2.4004958164333674e-03
-1.4046308965336557e-03
5.6246911496786456e-04
-3.6696445601641496e-04
1.1343895927468929e-05
1.2165447149613761e-04
-1.6836969871000886e-05
-9.0884455151960764e-06
2.7637348168966957e-06
-8.7742936381550655e-07
-1.5086656127027005e-07
5.1106142944439183e-07
-1.7140327377000771e-02
-3.3533809106856890e-07
-6.5155541391335710e-04
5.1219212006971765e-03
-2.3243931247515035e-03
-1.3313616418569201e-03
5.1301975726243904e-04
-3.1160343901442294e-04
1.7935522468757023e-07
1.0042868467923253e-04
-1.1460341302354267e-05
-9.1134863080184255e-06
2.1895084339457118e-06
-1.0371738225435649e-07
-1.7071213898588610e-07
3.4000027289275013e-07
-1.7237284940017895e-02
-2.8422199301653781e-07
-5.2481228253857071e-04
5.3224337102432068e-03
-2.2429824464296152e-03
-1.2676917471723169e-03
4.7016945695911160e-04
-2.6033222665196618e-04
-8.7304985966863509e-06
8.2721095780705818e-05
-7.3923332961620916e-06
-8.7589515506759070e-06
1.6757675393517950e-06
3.5809826913822390e-07
-1.5345177385956730e-07
2.1614771572505545e-07
-1.7314096941521324e-02
-2.4911649802029459e-07
-3.9743983846620150e-04
5.5004036891526838e-03
-2.1584081041741707e-03
-1.2129307952492019e-03
4.3279448111436359e-04
-2.1341185270969132e-04
-1.5641376718795957e-05
6.7837063967279059e-05
-4.3188782537034524e-06
-8.1363961658947396e-06
1.2289529524724665e-06
6.1009823959236101e-07
-1.1960723913845896e-07
1.2909203582577896e-07
-1.7372317052675019e-02
-2.2438276035874400e-07
-2.7129144497939535e-04
5.6572438951335655e-03
-2.0723992261601032e-03
-1.1662430182864047e-03
3.9993364167446800e-04
-1.7086508652177721e-04
-2.0833050793033643e-05
5.5234783240793369e-05
-2.0071111509372951e-06
-7.3417764857240276e-06
8.5079952891868384e-07
7.2244707410611792e-07
-8.0738923087539139e-08
7.0101027900388392e-08
-1.7413439182482667e-02
-2.0650152103298991e-07
-1.4785262657871360e-04
5.7944763394754970e-03
-1.9863169652192866e-03
-1.1267358550578024e-03
3.7078787345312019e-04
-1.3255648759778743e-04
-2.4579435829645065e-05
4.4494291061345677e-05
-2.8318250607775843e-07
-6.4519705008598328e-06
5.3900148245950640e-07
7.4356180901015446e-07
-4.3006039987288518e-08
3.1986307443502065e-08
-1.7438893585826832e-02
-1.9331819152150057e-07
-2.8281428744568788e-05
5.9136683866838832e-03
-1.9012085569371016e-03
-1.0935212565657620e-03
3.4470681243062935e-04
-9.8253380602170951e-05
-2.7132401056871528e-05
3.5290040565929836e-05
9.8406992124857122e-07
-5.5253612904418129e-06
2.8843363775483130e-07
7.0693047721551343e-07
-9.3600400284285022e-09
9.0144801620169132e-09
-1.7450047616959258e-02
-1.8350104768754920e-07
8.6549841912916730e-05
6.0163850452148501e-03
-1.8178610825012021e-03
-1.0657552024176604e-03
3.2116923824951620e-04
-6.7670027245104455e-05
-2.8714473975491749e-05
2.7368195827648557e-05
1.8948677529019700e-06
-4.6042306360230347e-06
9.2355903262707244e-08
6.3569672114400235e-07
1.9086908592464290e-08
-3.2600436632115920e-09
-1.7448207725860088e-02
-1.7616744656959524e-07
1.9601347124632371e-04
6.1041541473863710e-03
-1.7368510464237381e-03
-1.0426605164743331e-03
2.9976176285359779e-04
-4.0498278442411554e-05
-2.9517099532657136e-05
2.0528698440423624e-05
2.5268145301927280e-06
-3.7177618561973544e-06
-5.6630484885729284e-08
5.4577415902513813e-07
4.2234133769613539e-08
-8.1814508800130520e-09
-1.7434622532739072e-02
-1.7068973505720153e-07
2.9968744181386770e-04
6.1784418248127101e-03
-1.6585877793725101e-03
-1.0235377370281294e-03
2.8015839129242541e-04
-1.6427730024655849e-05
-2.9702024466672908e-05
1.4611645112682762e-05
2.9407210695784385e-06
-2.8849481561722885e-06
-1.6589341838602004e-07
4.4798409471829992e-07
6.0479791406659200e-08
-8.1994152030976188e-09
-1.7410485860632957e-02
-1.6656191681714559e-07
3.9731949910398447e-04
6.2406364354588382e-03
-1.5833498717155057e-03
-1.0077676399413340e-03
2.6210244022235386e-04
4.8418754726502682e-06
-2.9404220842491590e-05
9.4872033317918732e-06
3.1847032853974746e-06
-2.1171067183212851e-06
-2.4233623899760973e-07
3.4952440273966941e-07
7.4431495181573671e-08
-5.0610088082097983e-09
-1.7376940202895284e-02
-1.6336119702392667e-07
4.8879485848854465e-04
6.2920392447934183e-03
-1.5113147045068625e-03
-9.9480859996064824e-04
2.4539139230925157e-04
2.3593740658271167e-05
-2.8735300724957010e-05
5.0482846632701124e-06
3.2970973029947918e-06
-1.4199326645568815e-06
-2.9217719248066472e-07
2.5500988949703075e-07
8.4745802199626111e-08
1.2791738522862853e-11
-1.7335079741874981e-02
-1.6072217595484346e-07
5.7410806332474707e-04
6.3338605936970856e-03
-1.4425818226343058e-03
-9.8419114309730390e-04
2.2986469160591642e-04
4.0090612497513663e-05
-2.7786968476009947e-05
1.2052597591353105e-06
3.3085829417882910e-06
-7.9508747752666265e-07
-3.2084756753067020e-07
1.6723566666395594e-07
9.2041192967246886e-08
6.1825246336545121e-09
-1.7285953142162434e-02
-1.5833017145689370e-07
6.5333923524015154e-04
6.3672198823788630e-03
-1.3771911369663558e-03
-9.7551137307727153e-04
2.1539419065810767e-04
5.4573641111464102e-05
-2.6634145194120035e-05
-2.1178736932295178e-06
3.2437610743633003e-06
-2.4142893636304019e-07
-3.3298268714929592e-07
8.7722225252574285e-08
9.6858405874533427e-08
1.2879885146944652e-08
-1.7230565861017545e-02
-1.5593958497475509e-07
7.2663466178859168e-04
6.3931480611580565e-03
-1.3151372085585557e-03
-9.6842425763162205e-04
2.0187679825790986e-04
6.7262535866453011e-05
-2.5337722139440305e-05
-4.9862769026916849e-06
3.1223731985158637e-06
2.4406932106986795e-07
-3.3246729611006319e-07
1.7108719032818064e-08
9.9658848996269231e-08
1.9723739465777731e-08
-1.7169881202070091e-02
-1.5336181645090697e-07
7.9419112460267255e-04
6.4125913688171943e-03
-1.2563805692093399e-03
-9.6263718394726011e-04
1.8922884929914503e-04
7.8356398414308414e-05
-2.3946945685133684e-05
-7.4563141211828320e-06
2.9602278968782000e-06
6.6562855330902277e-07
-3.2250458498086202e-07
-4.4546866281031687e-08
1.0082368774131244e-07
2.6458913171331910e-08
-1.7104820773195042e-02
-1.5047044460215537e-07
8.5624343083780523e-04
6.4264154393834354e-03
-1.2008568267076046e-03
-9.5790388834381319e-04
1.7738177162394456e-04
8.8034854065193328e-05
-2.2501397504690094e-05
-9.5770945063696693e-06
2.7699443251731726e-06
1.0281641841357849e-06
-3.0569639174957548e-07
-9.7576659549932602e-08
1.0066635741243917e-07
3.2921782428259182e-08
-1.7036263793845985e-02
-1.4719523668144653e-07
9.1305425065791364e-04
6.4354093121824036e-03
-1.1484840671972640e-03
-9.5401862107217313e-04
1.6627870469106473e-04
9.6459412153537366e-05
-2.1032655315690883e-05
-1.1391640692279710e-05
2.5615357505421217e-06
1.3369261168471051e-06
-2.8412981303215168e-07
-1.4254088371686397e-07
9.9447278931080459e-08
3.9002286531934573e-08
-1.6965045805941579e-02
-1.4352211505388217e-07
9.6490572791503831e-04
6.4402892543638825e-03
-1.0991685697724944e-03
-9.5081076299779251e-04
1.5587180237705962e-04
1.0377480120544642e-04
-1.9565676453173546e-05
-1.2937827709451090e-05
2.3429011255352645e-06
1.5972475157568862e-06
-2.5945890895189756e-07
-1.8013194037843485e-07
9.7382799510316259e-08
4.4630540223671964e-08
-1.6891956940078411e-02
-1.3946596902570809e-07
1.0120921444956019e-03
6.4417024655422199e-03
-1.0528092948019695e-03
-9.4813977527811999e-04
1.4612012876508181e-04
1.1011045186269663e-04
-1.8119975770641266e-05
-1.4249133124247564e-05
2.1202136279616992e-06
1.8143640661468863e-06
-2.3298106105055002e-07
-2.1109786711967683e-07
9.4653516767891548e-08
4.9765702360187448e-08
-1.6817740095489742e-02
-1.3508097398783793e-07
1.0549137053527213e-03
6.4402308418974683e-03
-1.0093012725314540e-03
-9.4589072655121601e-04
1.3698804400288342e-04
1.1558202945596564e-04
-1.6710617475855068e-05
-1.5355247080334099e-05
1.8982483616537607e-06
1.9932915874425850e-06
-2.0569455548445567e-07
-2.3619534636320287e-07
9.1417151650069354e-08
5.4388340794165716e-08
-1.6743089553588927e-02
-1.3043664533739490e-07
1.0936711057221546e-03
6.4363949445645253e-03
-9.6853801968721899e-04
-9.4397038909440885e-04
1.2844402858743059e-04
1.2029280364369238e-04
-1.5349051288846591e-05
-1.6282538327919196e-05
1.6806434373413665e-06
2.1387501521630024e-06
-1.7835680266189744e-07
-2.5616052772377043e-07
8.7803750991989378e-08
5.8491004469449302e-08
-1.6668649170683433e-02
-1.2560927973264483e-07
1.1286609824928623e-03
6.4306581856024454e-03
-9.3041334141953007e-04
-9.4230395358650318e-04
1.2045985248144469e-04
1.2433497459977613e-04
-1.4043788649800075e-05
-1.7054439796839900e-05
1.4701170903718996e-06
2.2551166610847092e-06
-1.5153654244982357e-07
-2.7168773677693574e-07
8.3929737747344723e-08
6.2085376006898770e-08
-1.6595011749338057e-02
-1.2068703442091441e-07
1.1601724271866677e-03
6.4234309628869671e-03
-8.9482289168881326e-04
-9.4083228347100021e-04
1.1300998682539378e-04
1.2779084209194475e-04
-1.2800971693238156e-05
-1.7691784509362316e-05
1.2686455920348666e-06
2.3464108773978044e-06
-1.2564425070871195e-07
-2.8342000382740628e-07
7.9896413778376988e-08
6.5185944063812995e-08
-1.6522717933820232e-02
-1.1574514899365513e-07
1.1884839784515652e-03
6.4150748219821384e-03
-8.6166526696421892e-04
-9.3950954484692793e-04
1.0607117096440298e-04
1.3073380050178111e-04
-1.1624834930623085e-05
-1.8213086743039519e-05
1.0776100515752800e-06
2.4162859633341571e-06
-1.0097168019334304e-07
-2.9194055578152168e-07
7.5789338959932539e-08
6.7821239953828214e-08
-1.6452256693057159e-02
-1.1086161129530093e-07
1.2138612912646026e-03
6.4059064029539500e-03
-8.3084303452964547e-04
-9.3830110979928024e-04
9.9622054077379201e-05
1.3322919694019888e-04
-1.0518072923847492e-05
-1.8634787526539212e-05
8.9792603199583927e-07
2.4680391406891456e-06
-7.7712369745615565e-08
-2.9777752639057614e-07
7.1682141903876059e-08
7.0019220565264490e-08
-1.6384065606336842e-02
-1.0610082118996362e-07
1.2365551948644886e-03
6.3962014184944360e-03
-8.0226356040793935e-04
-9.3718159914211649e-04
9.3642928668247956e-05
1.3533521012547680e-04
-9.4821834049862394e-06
-1.8971479067218639e-05
7.3013292484094829e-07
2.5046261683015278e-06
-5.5987725520306313e-08
-3.0139997995950729e-07
6.7638605047904965e-08
7.1816860441985242e-08
-1.6318532425709454e-02
-1.0151819933914019e-07
1.2568000556191525e-03
6.3861987564523036e-03
-7.7583937751036038e-04
-9.3613321976121250e-04
8.8115523565997624e-05
1.3710351393840097e-04
-8.5177133608702391e-06
-1.9236098701504493e-05
5.7448754003510727e-07
2.5286773887276561e-06
-3.5862807267649093e-08
-3.0322309691184139e-07
6.3709480025888926e-08
7.3253791070055115e-08
-1.6255997817216192e-02
-9.7165049772564460e-08
1.2748127417631277e-03
6.3761047081030316e-03
-7.5148853173123936e-04
-9.3514431054991505e-04
8.3022875196360132e-05
1.3858002817243370e-04
-7.6244875329324991e-06
-1.9440101720980428e-05
4.3103050170536857e-07
2.5425223331723875e-06
-1.7359547720040622e-08
-3.0361251881595089e-07
5.9940491842983786e-08
7.4367978946354940e-08
-1.6196758526413068e-02
-9.3072039088846831e-08
1.2907921842914725e-03
6.3660970557726966e-03
-7.2913484552030795e-04
-9.3420814593522534e-04
7.8349250375880339e-05
1.3980546052464674e-04
-6.8018032775905545e-06
-1.9593597581582976e-05
2.9963729886228890e-07
2.5482183022099936e-06
-4.6734445183570065e-10
-3.0289017041530429e-07
5.6364551899629089e-08
7.5201537380708807e-08
-1.6141071754610187e-02
-8.9267764479340306e-08
1.3049192830308838e-03
6.3563289888964513e-03
-7.0870800320239381e-04
-9.3332185611394967e-04
7.4080092431479146e-05
1.4081583139736268e-04
-6.0485668245835980e-06
-1.9705498697645223e-05
1.8006754023363092e-07
2.5475667004042942e-06
1.4844825871786346e-08
-3.0133371227687377e-07
5.3007830472053353e-08
7.5797534295846088e-08
-1.6089158903240849e-02
-8.5765747078689662e-08
1.3173573498822999e-03
6.3469326067430139e-03
-6.9014359027276984e-04
-9.3248545606212929e-04
7.0201962393935921e-05
1.4164290644718268e-04
-5.3634138607110605e-06
-1.9783631261861868e-05
7.2002750961732570e-08
2.5421397888802613e-06
2.8624354657423847e-08
-2.9918067338569615e-07
4.9894845092474800e-08
7.6191518022004801e-08
-1.6041211153394207e-02
-8.2577232735399226e-08
1.3282528617211582e-03
6.3380220216227232e-03
-6.7338308467002853e-04
-9.3170100227872761e-04
6.6702501792723881e-05
1.4231461152292322e-04
-4.7448332452267982e-06
-1.9834841668548540e-05
-2.4926324661040346e-08
2.5332999170832243e-06
4.0926911471233864e-08
-2.9664143859270666e-07
4.7036291819315245e-08
7.6422695935250662e-08
-1.5997392279833440e-02
-7.9711858085960775e-08
1.3377363132696047e-03
6.3296959597466092e-03
-6.5837367075350446e-04
-9.3097193502016432e-04
6.3570432671685660e-05
1.4285543127341536e-04
-4.1912227547961338e-06
-1.9865100233060811e-05
-1.1111260550888169e-07
2.5222244791586219e-06
5.1815450298160689e-08
-2.9389309134872673e-07
4.4440867295548709e-08
7.6523397492207551e-08
-1.5957843692675430e-02
-7.7164881245923901e-08
1.3459233133001683e-03
6.3220396950124632e-03
-6.4506807897729752e-04
-9.3030253878974354e-04
6.0795551421295503e-05
1.4328664421311900e-04
-3.7009756932664906e-06
-1.9879574727770414e-05
-1.8695110747514468e-07
2.5099199896825191e-06
6.1349627420790166e-08
-2.9108409091656180e-07
4.2116581559889937e-08
7.6531668175439290e-08
-1.5922686657893814e-02
-7.4936448856576137e-08
1.3529155315972778e-03
6.3151264097545262e-03
-6.3342450232466922e-04
-9.2969747701616414e-04
5.8368706395943307e-05
1.4362664078077010e-04
-3.2725423685036466e-06
-1.9882701972747170e-05
-2.5283344782912861e-07
2.4972468738705797e-06
6.9597447116653263e-08
-2.8833932824266498e-07
4.0070228218520148e-08
7.6470747937105484e-08
-1.5892023479167034e-02
-7.3024000577371676e-08
1.3588013720660212e-03
6.3090182586360453e-03
-6.2340631476913726e-04
-9.2916147496446009e-04
5.6281806446358577e-05
1.4389115048212965e-04
-2.9044657572799690e-06
-1.9878259531813705e-05
-3.0912752235507941e-07
2.4849266563300699e-06
7.6616794158457813e-08
-2.8576815078961911e-07
3.8299158588340226e-08
7.6365657028147391e-08
-1.5865940777264727e-02
-7.1419671027495151e-08
1.3636564716349728e-03
6.3037671231095278e-03
-6.1498201776319578e-04
-9.2869910202759628e-04
5.4527863702412957e-05
1.4409347196289157e-04
-2.5954005561847773e-06
-1.9869408985156857e-05
-3.5616080121320124e-07
2.4735555293690589e-06
8.2456604524725239e-08
-2.8345556784374539e-07
3.6804848342397209e-08
7.6241139995669920e-08
-1.5844508746517199e-02
-7.0118270444169539e-08
1.3675441267176802e-03
6.2994154024926582e-03
-6.0812520456689668e-04
-9.2831454211977265e-04
5.3100920902099135e-05
1.4424454950550392e-04
-2.3441964441467033e-06
-1.9858750026132315e-05
-3.9422373336664243e-07
2.4636178926028919e-06
8.7164283013459267e-08
-2.8147612109041046e-07
3.5585259137509999e-08
7.6116904545650063e-08
-1.5827783896161119e-02
-6.9114935415711432e-08
1.3705154614146139e-03
6.2959967963772687e-03
-6.0281428958131142e-04
-9.2801143567200787e-04
5.1996135126380742e-05
1.4435311315405693e-04
-2.1498727010912707e-06
-1.9848365684212383e-05
-4.2356857188264399e-07
2.4555048944836522e-06
9.0788171968914652e-08
-2.7987734110329644e-07
3.4641296983708001e-08
7.6001192021433191e-08
-1.5815807914669293e-02
-6.8400936821860145e-08
1.3726099581776042e-03
6.2935369572911680e-03
-5.9903263464486758e-04
-9.2779273070419527e-04
5.1209706392678953e-05
1.4442599371673607e-04
-2.0116410809769164e-06
-1.9839834238157363e-05
-4.4438731131681463e-07
2.4495066057245043e-06
9.3349258752965896e-08
-2.7870787861257673e-07
3.3969157196712859e-08
7.5914298312186245e-08
-1.5808609978797235e-02
-6.7971616951901851e-08
1.3738555075487777e-03
6.2920539641337387e-03
-5.9676837291947114e-04
-9.2766059761713923e-04
5.0738923056601519e-05
1.4446779713812367e-04
-1.9289504114377020e-06
-1.9834275476317488e-05
-4.5681406879649749e-07
2.4458284341427835e-06
9.4879544270993845e-08
-2.7799721385676247e-07
3.3571426190767371e-08
7.5866020887036162e-08
-1.5806208933802565e-02
-6.7837132039895215e-08
1.3742688335753026e-03
6.2915583427635199e-03
-5.9601439916893593e-04
-9.2761641286846850e-04
5.0582186830119204e-05
1.4448135616801534e-04
-1.9013960060846337e-06
-1.9832336346023017e-05
-4.6096366356909001e-07
2.4445834641092723e-06
9.5393647823496764e-08
-2.7773851513956388e-07
3.3427848639018786e-08
7.5809160165576689e-08
