-3.7795003472227202e-02
3.5934921771537287e-02
-3.1502998627626743e-03
-1.8462432406818656e-02
9.5437900366616216e-03
2.5834972450791450e-03
-3.4016008701398277e-03
4.3464204090411154e-03
-1.5273112933136580e-03
-2.7318612048314378e-03
1.7760952837187864e-03
-2.2632237360728676e-04
-2.4307719852114523e-04
9.7893101204569836e-04
-4.4882639836879915e-04
-2.9881256406546174e-04
-3.7467736173880391e-02
3.5642513957184735e-02
-3.2176163831211975e-03
-1.8109983658027608e-02
9.3339971168844606e-03
2.3939451812397192e-03
-3.2158930775138383e-03
4.2727430325396228e-03
-1.5344686940663562e-03
-2.5977304654417731e-03
1.6959231236303458e-03
-2.6269866631728304e-04
-2.0440657467278404e-04
9.3951083605285212e-04
-4.3405196301518536e-04
-2.7008197587025107e-04
-3.6495377421977115e-02
3.4783716054117848e-02
-3.4073833116336849e-03
-1.7083736345127762e-02
8.7238553710511004e-03
1.8629079032797622e-03
-2.6974251960666640e-03
4.0481496745305191e-03
-1.5383498405462546e-03
-2.2206726367747184e-03
1.4682209760502156e-03
-3.5324432233602046e-04
-1.0320145221505813e-04
8.2547516321513487e-04
-3.8955305562394772e-04
-1.9363559551692332e-04
-3.4907011618337612e-02
3.3409887754975165e-02
-3.6839651469339494e-03
-1.5471892593257779e-02
7.7686564217287245e-03
1.0931910853927045e-03
-1.9510886361745550e-03
3.6679658332407382e-03
-1.4970404623156457e-03
-1.6722124732379594e-03
1.1310383380867767e-03
-4.5130896682779494e-04
2.2378910605266611e-05
6.5111331763312178e-04
-3.1698134850766785e-04
-9.4946724433776837e-05
-3.2753130799979914e-02
3.1595522541767652e-02
-3.9917085555119776e-03
-1.3406562707082752e-02
6.5531750733387401e-03
2.2645917503167081e-04
-1.1190066896718683e-03
3.1399146328586454e-03
-1.3703699520924277e-03
-1.0552567728597264e-03
7.4381972642707252e-04
-5.0514616650057834e-04
1.2718160128527548e-04
4.4310034445220508e-04
-2.2422116392124719e-04
-5.1389937163707564e-06
-3.0107176685308223e-02
2.9426913385385060e-02
-4.2622852444884713e-03
-1.1046991345559840e-02
5.1823896114169725e-03
-5.9030639096658460e-04
-3.4406912666507786e-04
2.4956160976677905e-03
-1.1453184604430123e-03
-4.7876946976008146e-04
3.7558046793220376e-04
-4.8316961546065551e-04
1.7865456888229063e-04
2.3809334813956940e-04
-1.2717255815328230e-04
5.1740629433116382e-05
-2.7065490673111564e-02
2.6993032235714098e-02
-4.4263495041954332e-03
-8.5628473776713510e-03
3.7704774803966833e-03
-1.2358964759533544e-03
2.6267564059756916e-04
1.7927232379683052e-03
-8.4566978037359849e-04
-2.8880583804560302e-05
8.5684509004072494e-05
-3.8784348114765722e-04
1.7015195733200011e-04
7.2538063216766730e-05
-4.5275736456539946e-05
6.8290734277974929e-05
-2.3744712312530680e-02
2.4379991018925410e-02
-4.4276253408694023e-03
-6.1187675904333704e-03
2.4284244428635416e-03
-1.6362731375537075e-03
6.4289609396037996e-04
1.1055063782616573e-03
-5.2209147293017996e-04
2.5151541248409940e-04
-9.4302042708272905e-05
-2.5095795218241983e-04
1.2028412774553220e-04
-3.1285579741283120e-05
7.5359300379479795e-06
5.4463248247583701e-05
-2.0276237116718752e-02
2.1668474383667986e-02
-4.2354633709171712e-03
-3.8599690991316456e-03
1.2510831027847970e-03
-1.7726772034205090e-03
7.9582469818976814e-04
5.0666718118460815e-04
-2.3096818896112159e-04
3.6676631354870288e-04
-1.6731533904611008e-04
-1.1486561068420263e-04
5.8921731183501611e-05
-7.3282211442984873e-05
2.9434346180054108e-05
2.8728269292122211e-05
-1.6797836286044442e-02
1.8932873958933918e-02
-3.8515631553856728e-03
-1.8994487061476254e-03
3.0547558497072695e-04
-1.6766224342586674e-03
7.6661774119920318e-04
4.8143557964090868e-05
-1.3779944111568676e-05
3.5699258232389845e-04
-1.6267346244078939e-04
-1.2244888343943606e-05
1.0211836159387348e-05
-7.1325002708377046e-05
2.9234565637140189e-05
6.5595047695580536e-06
-1.3443040925286812e-02
1.6240964239388981e-02
-3.3085544057904329e-03
-3.0882864532599618e-04
-3.7719423764478565e-04
-1.4145058849696674e-03
6.2409922053173006e-04
-2.5005115396222128e-04
1.1441579521899545e-04
2.7761134291999051e-04
-1.1902376954911695e-04
4.4567189056442588e-05
-1.6099693403086993e-05
-4.8970060320802918e-05
1.9164899097949935e-05
-5.4448781307321450e-06
-1.0329614333115680e-02
1.3653202696757339e-02
-2.6613555447598408e-03
8.8488971950901902e-04
-8.0282978603437129e-04
-1.0664877247777821e-03
4.3762671649721138e-04
-3.9943601677953813e-04
1.6375928973774544e-04
1.7875913010101626e-04
-6.8438810829895695e-05
6.1675426513032840e-05
-2.2814801327441955e-05
-2.4647200250438596e-05
8.5457931295337565e-06
-8.2877383713301733e-06
-7.5492266377152374e-03
1.1221214017470657e-02
-1.9744812579276586e-03
1.6958754948167031e-03
-1.0076344767859663e-03
-7.0626814114751091e-04
2.6029587271355573e-04
-4.3361727083683291e-04
1.5880085741334566e-04
9.3036411969312147e-05
-2.8871142459008198e-05
5.4227808579112772e-05
-1.8409259579263699e-05
-7.4615789803042248e-06
1.6037103654957673e-06
-6.2558415325669215e-06
-5.1606242263190520e-03
8.9857570120094859e-03
-1.3091260713522339e-03
2.1702711028893044e-03
-1.0456353653742875e-03
-3.8756744355044595e-04
1.2178355114313463e-04
-3.9458189644081402e-04
1.2617004584186261e-04
3.3978133495986217e-05
-5.2453394693706891e-06
3.7186130487185536e-05
-1.0805827419910832e-05
1.3006744651900099e-06
-1.4673099689272530e-06
-3.2051883305873725e-06
-3.1877852457243535e-03
6.9749557174182452e-03
-7.1335649849564445e-04
2.3736381317757942e-03
-9.7499019764116061e-04
-1.3936662025580774e-04
3.0541570525318413e-05
-3.2051849032343913e-04
8.6500709421153483e-05
1.2837374079710775e-06
5.2513127670792453e-06
2.0446797574637299e-05
-4.4681023414446842e-06
4.1808777928473294e-06
-2.1471125404289395e-06
-1.0052517787367701e-06
-1.6231324839596681e-03
5.2035675656596659e-03
-2.1715666319786152e-04
2.3781144272593687e-03
-8.4700821210952635e-04
3.1304415375352817e-05
-1.8885677347787813e-05
-2.3915602701299278e-04
5.1675180718278432e-05
-1.2111094723200383e-05
7.8445786794600648e-06
8.2392828518090797e-06
-6.6324181323397063e-07
4.1628870823222917e-06
-1.8263470953463467e-06
5.7187414635090415e-08
-4.3448927280027730e-04
3.6736504924402983e-03
1.6772447213742153e-04
2.2518179003863654e-03
-7.0020761160249120e-04
1.3233062024560005e-04
-3.8108106944720374e-05
-1.6649517971300594e-04
2.6059862000896446e-05
-1.4320250673584211e-05
6.9138665350051680e-06
9.7136302907335323e-07
1.0205062918331482e-06
3.2244116473266045e-06
-1.2902199844333755e-06
3.4658893588065040e-07
4.2624939336618009e-04
2.3764635611822705e-03
4.4439816959836154e-04
2.0519426754290163e-03
-5.5924631813987448e-04
1.7895861436631092e-04
-3.9091577764712113e-05
-1.0896402294850174e-04
9.4701510272516847e-06
-1.1558738929092495e-05
5.0493992294159160e-06
-2.5625894312121624e-06
1.4334560283723600e-06
2.2682512909741989e-06
-8.3139330510132966e-07
2.9122645073330510e-07
1.0146553388278405e-03
1.2951316760746016e-03
6.2582328207441262e-04
1.8217768304845357e-03
-4.3695074559063586e-04
1.8791166280379430e-04
-3.1146075345258017e-05
-6.6987047448809233e-05
-1.5077946093229182e-07
-7.5312070260553391e-06
3.3879011148524478e-06
-3.7952226629645943e-06
1.2604368723554351e-06
1.5444231570330047e-06
-4.9652990671833486e-07
1.5265838253597730e-07
1.3868437901695028e-03
4.0753592321772432e-04
7.2983832747821925e-04
1.5908192026299194e-03
-3.3770029014227319e-04
1.7381552186813881e-04
-2.0303748535507170e-05
-3.8170546589366279e-05
-5.0902505448785082e-06
-3.9635404370053662e-06
2.2276354168918166e-06
-3.8239873253949204e-06
9.0521383852011872e-07
1.0491228930113746e-06
-2.7073207277998954e-07
3.9857456396566503e-08
1.5946651955505598e-03
-3.1102761165682286e-04
7.7520342510411665e-04
1.3767960373449173e-03
-2.6082524217896304e-04
1.4776926592751489e-04
-9.8891567158175485e-06
-1.9331026877373697e-05
-7.1715112443590213e-06
-1.4101155743708694e-06
1.5164138517236566e-06
-3.3270868821367191e-06
5.6593431927650335e-07
7.1458069514015840e-07
-1.2741842616414013e-07
-1.6476900055895099e-08
1.6829624173636925e-03
-8.8568890462633763e-04
7.7901120266912185e-04
1.1885037169616169e-03
-2.0320329497819885e-04
1.1734013722810555e-04
-1.3891787641337361e-06
-7.5178107389027508e-06
-7.6527336450771270e-06
1.2786798860099275e-07
1.1151430083815298e-06
-2.6718687580322577e-06
3.0927066429779819e-07
4.7919218670036478e-07
-4.1177229861146219e-08
-2.8819689641751336e-08
1.6885022141767602e-03
-1.3404328100575377e-03
7.5539951102301288e-04
1.0286629584022190e-03
-1.6090850658803351e-04
8.7187937765461235e-05
4.7877272665963327e-06
-3.7288069615701124e-07
-7.3296251778274388e-06
8.6360650579247160e-07
8.9832149351034527e-07
-2.0358058620813570e-06
1.4037865287403850e-07
3.1227597219229939e-07
1.6319301719431439e-09
-1.8985912354054564e-08
1.6400800912416355e-03
-1.6970947874346304e-03
7.1523182924636589e-04
8.9630504408048353e-04
-1.3012262725727226e-04
5.9824072643150903e-05
8.8011010671576244e-06
3.8360860904481250e-06
-6.6653972314367069e-06
1.0505759366434906e-06
7.7834245749970369e-07
-1.4932652276326395e-06
4.7395464823467032e-08
1.9666928216700813e-07
1.4181070129183485e-08
-7.4016166217493536e-10
1.5593254885030189e-03
-1.9748374607978969e-03
6.6635064032419982e-04
7.8852741543277620e-04
-1.0757691945921844e-04
3.6289152510428404e-05
1.1061640965943964e-05
6.2937008298987730e-06
-5.9109360480489296e-06
9.0960165654391227e-07
6.9912207642741859e-07
-1.0640143552331195e-06
8.0157255263064021e-09
1.1782959643809916e-07
1.0279674035051380e-08
1.5015958181657584e-08
1.4618312127169730e-03
-2.1899931313792888e-03
6.1408436416354913e-04
7.0166401854227769e-04
-9.0721729788882037e-05
1.6707233538687271e-05
1.2041014705117360e-05
7.7527722995086866e-06
-5.1841071954695857e-06
6.1046471550985828e-07
6.3112359104781449e-07
-7.3805014524375709e-07
-1.1963898171000879e-09
6.8368437210434977e-08
-1.5716371711333083e-09
2.2453678545103918e-08
1.3583485192160132e-03
-2.3561520861175339e-03
5.6181423272336196e-04
6.3200547887376133e-04
-7.7720877875789513e-05
7.1971131752327190e-07
1.2166652062111092e-05
8.6477580344477209e-06
-4.5238683979586723e-06
2.6465913905920918e-07
5.6471121829568957e-07
-4.9688362348497957e-07
4.2877414970876430e-09
4.2594602641819659e-08
-1.5019001057968884e-08
2.1811939533150225e-08
1.2558991879673429e-03
-2.4843929514648173e-03
5.1151112155610901e-04
5.7619846008777516e-04
-6.7338608685293505e-05
-1.2209766697528207e-05
1.1763624654573256e-05
9.2016764177094458e-06
-3.9335688005311382e-06
-6.6361244298880161e-08
4.9766167870107352e-07
-3.2241893663029813e-07
1.3930579930968885e-08
3.3195443071140225e-08
-2.5411284921661274e-08
1.4903298242137451e-08
1.1587364669767882e-03
-2.5835821014989361e-03
4.6419949960428572e-04
5.3141953863289424e-04
-5.8780918692799165e-05
-2.2611679313176048e-05
1.1046062535710384e-05
9.5264958493881078e-06
-3.4037254833755748e-06
-3.5560867481229269e-07
4.3137239603768199e-07
-1.9673063589206166e-07
2.0778376386623308e-08
3.4031463453050296e-08
-3.0852481013058590e-08
4.3154772035058388e-09
1.0691363076886090e-03
-2.6606956849913083e-03
4.2032608539045062e-04
4.9539610648070050e-04
-5.1536399162925406e-05
-3.0931786359364627e-05
1.0146149889360043e-05
9.6878484818059237e-06
-2.9255259694731448e-06
-5.9832883169029366e-07
3.7038774166089342e-07
-1.0599706486289011e-07
2.1840685700868557e-08
4.0492519458503533e-08
-3.1039418266177402e-08
-7.2690309500529193e-09
9.8802367030487279e-04
-2.7211377630142648e-03
3.8002171117946246e-04
4.6633259880324209e-04
-4.5257765331587767e-05
-3.7527710103411329e-05
9.1465740097705254e-06
9.7339406069545682e-06
-2.4964393991593894e-06
-7.9715786382070664e-07
3.1742607258459699e-07
-4.2019755274927796e-08
1.7255866312363327e-08
4.8913649952908182e-08
-2.6893859133923076e-08
-1.7632556878371036e-08
9.1544934314267371e-04
-2.7690380017751379e-03
3.4325537750379807e-04
4.4279804270105791e-04
-3.9697170503049779e-05
-4.2692413042674835e-05
8.1059176712921349e-06
9.7034998466089362e-06
-2.1149436733129069e-06
-9.5364206364073413e-07
2.7182959973408110e-07
1.7659980050553409e-09
8.4222348109753596e-09
5.5878637279260066e-08
-1.9531116313771697e-08
-2.5200848136215491e-08
8.5093552917876400e-04
-2.8075168892738103e-03
3.0990197926442770e-04
4.2362469426835336e-04
-3.4676029113983351e-05
-4.6673577622997398e-05
7.0695912781433408e-06
9.6210960650517924e-06
-1.7764612644017976e-06
-1.0694810897573876e-06
2.3253267402031062e-07
3.1805153030324426e-08
-3.5666802372027876e-09
5.9464092193976261e-08
-1.0347439104255738e-08
-2.9572952398178152e-08
7.9371388303575404e-04
-2.8389085124023309e-03
2.7976191114477639e-04
4.0784396145346731e-04
-3.0069246316147982e-05
-4.9682568425378317e-05
6.0668698974583328e-06
9.4976342946596265e-06
-1.4745965325810154e-06
-1.1491659521079400e-06
1.9911107693555835e-07
5.2822613606005826e-08
-1.6911081934340512e-08
5.9288998085577977e-08
-8.5291527030499246e-10
-3.0632053312558850e-08
7.4288232514932320e-04
-2.8649380490519505e-03
2.5256900944899667e-04
3.9465994507762684e-04
-2.5791254572467199e-05
-5.1896970440462743e-05
5.1112064335171943e-06
9.3401812846421410e-06
-1.2046282560694968e-06
-1.1994930309566196e-06
1.7079795329589043e-07
6.7849691794491870e-08
-2.9974324548331184e-08
5.5157945211610994e-08
8.0105280355328599e-09
-2.8742483127613440e-08
6.9750685134704231e-04
-2.8868580518800263e-03
2.2800931545152790e-04
3.8344313386973438e-04
-2.1781804423201804e-05
-5.3466063857510303e-05
4.2088387207442549e-06
9.1580953619986316e-06
-9.6408947215724207e-07
-1.2263446545047906e-06
1.4685762761931402e-07
7.8964345234713835e-08
-4.1696101243363684e-08
4.7738832644242911e-08
1.5418210206210681e-08
-2.4619029068095562e-08
6.5668968806858791e-04
-2.9055528149534160e-03
2.0575292560764692e-04
3.7372234414595950e-04
-1.7999740460930416e-05
-5.4520278397911427e-05
3.3657763244155994e-06
8.9601884045035891e-06
-7.5095245256622626e-07
-1.2338312502122749e-06
1.2637688144098109e-07
8.7156626870572612e-08
-5.1027389122911422e-08
3.7828990353154510e-08
2.0949001756819983e-08
-1.8902963111697168e-08
6.1961692388946127e-04
-2.9216226330803087e-03
1.8548694337436293e-04
3.6516412783039868e-04
-1.4425587389807799e-05
-5.5173618034633218e-05
2.5872721884513272e-06
8.7506986271738164e-06
-5.6259717574404130e-07
-1.2248540135578189e-06
1.0822567141949871e-07
9.3366060053262222e-08
-5.7615755004930330e-08
2.6196739180628915e-08
2.4492967506969487e-08
-1.2354752856633491e-08
5.8559073196376616e-04
-2.9354549891389210e-03
1.6693904422129176e-04
3.5754330427734143e-04
-1.1059275628418315e-05
-5.5515719499300606e-05
1.8747197120229423e-06
8.5295165763124377e-06
-3.9577656600004108e-07
-1.2024612343940072e-06
9.1884634487126823e-08
9.8275293434547836e-08
-6.1332011329248400e-08
1.3811086613999319e-08
2.6079186806339093e-08
-5.5883018646387555e-09
5.5404803268838912e-04
-2.9472867707834968e-03
1.4988968915132818e-04
3.5071020294571937e-04
-7.9063138424217962e-06
-5.5607558916419492e-05
1.2238809469461438e-06
8.2960028764698108e-06
-2.4781157868581955e-07
-1.1699532882917094e-06
7.6858997169853270e-08
1.0213083508995785e-07
-6.2264105116049381e-08
1.3848082404282379e-09
2.5944834922832065e-08
9.0471719615877475e-10
5.2456656241926705e-04
-2.9572578741190658e-03
1.3417230780277033e-04
3.4455852154892299e-04
-4.9642744940502943e-06
-5.5490156686856068e-05
6.2823308898170434e-07
8.0531429168324846e-06
-1.1675262485890282e-07
-1.1303931826207882e-06
6.2904710099219110e-08
1.0519013730549723e-07
-6.0749008100442027e-08
-1.0437521252988399e-08
2.4381945677761220e-08
6.7510450957704781e-09
4.9685934119504639e-04
-2.9654572621979130e-03
1.1966042404379596e-04
3.3899958313994598e-04
-2.2213623714446525e-06
-5.5198829784614978e-05
8.3477669854856480e-08
7.8059332861792016e-06
-1.4707856941563262e-09
-1.0859897505901877e-06
4.9880135223974762e-08
1.0735273214483763e-07
-5.7143171878415368e-08
-2.1178183226655913e-08
2.1723039947689655e-08
1.1728130343772986e-08
4.7075782076971579e-04
-2.9719591236543599e-03
1.0624723530127315e-04
3.3395187077071083e-04
3.3532577327699988e-07
-5.4769505921466013e-05
-4.1254060844115318e-07
7.5579152335480538e-06
9.9525513899544087e-08
-1.0379158044354241e-06
3.7498612902492118e-08
1.0866159471032409e-07
-5.1889415628227097e-08
-3.0568317554176730e-08
1.8305047841172845e-08
1.5719313209516757e-08
4.4618671125249299e-04
-2.9768470319912889e-03
9.3831724502461283e-05
3.2934734138228151e-04
2.7147052416604234e-06
-5.4235517399587961e-05
-8.6259222310311214e-07
7.3105924899861845e-06
1.8804134784004736e-07
-9.8758642774266374e-07
2.5750167561191514e-08
1.0923170321035477e-07
-4.5453446923988147e-08
-3.8433306410968351e-08
1.4431077907748474e-08
1.8697163861941052e-08
4.2313636598384637e-04
-2.9802261968788191e-03
8.2321387362691646e-05
3.2514153977965038e-04
4.9231272057087978e-06
-5.3624780416792110e-05
-1.2704470571063065e-06
7.0659897794464915e-06
2.6530982492167760e-07
-9.3636872805549051e-07
1.4642022980806561e-08
1.0906142514016329e-07
-3.8236756028321223e-08
-4.4722227005348190e-08
1.0358614205105583e-08
2.0709554357079658e-08
4.0163862209530063e-04
-2.9822282076327903e-03
7.1644427613847957e-05
3.2131130275835719e-04
6.9658519444397353e-06
-5.2960557375115173e-05
-1.6387678671415857e-06
6.8262420554784429e-06
3.3239511087188980e-07
-8.8507111063716680e-07
4.1668612019443664e-09
1.0818823748680897e-07
-3.0613799757509133e-08
-4.9484342963216504e-08
6.3012101659331112e-09
2.1846736560297543e-08
3.8174567367574476e-04
-2.9830131885477825e-03
6.1754562914360665e-05
3.1784022642230767e-04
8.8468834320010689e-06
-5.2260896129487474e-05
-1.9702706575879385e-06
6.5922629187486763e-06
3.9054867963129195e-07
-8.3435637605712025e-07
-5.6775393305221573e-09
1.0668947553840825e-07
-2.2889009714393166e-08
-5.2825650377864177e-08
2.4149042700570078e-09
2.2228175194519216e-08
3.6350978199182473e-04
-2.9827693236711881e-03
5.2622645940814453e-05
3.1470569018880599e-04
1.0572458249895041e-05
-5.1538076944809560e-05
-2.2685353952555051e-06
6.3651973973913252e-06
4.4083774187934183e-07
-7.8498364903163497e-07
-1.4846091802580511e-08
1.0466468329319530e-07
-1.5317406483731537e-08
-5.4901934822763464e-08
-1.1865991435554323e-09
2.1984616676601506e-08
3.4696246168705000e-04
-2.9817069855924542e-03
4.4223439482866935e-05
3.1187657325368930e-04
1.2152800069570016e-05
-5.0804111731479310e-05
-2.5364841767298684e-06
6.1470749288867847e-06
4.8405492143703131e-07
-7.3748348554441502e-07
-2.3315491951783634e-08
1.0218037461577666e-07
-8.0816839244328268e-09
-5.5882046894196647e-08
-4.4371810982164316e-09
2.1250167567903700e-08
3.3209717139782248e-04
-2.9800452970123589e-03
3.6527424190735493e-05
3.0932045897688100e-04
1.3596555635613098e-05
-5.0072960440582118e-05
-2.7759624972882029e-06
5.9391766045992327e-06
5.2101766784213159e-07
-6.9214862450281051e-07
-3.1086945113161039e-08
9.9335950208783683e-08
-1.3183870577822450e-09
-5.5958100625175559e-08
-7.2957247407786654e-09
2.0150590707079336e-08
3.1885996038590422e-04
-2.9779940719203584e-03
2.9503462923593842e-05
3.0701222725434447e-04
1.4909430016701288e-05
-4.9356011132185187e-05
-2.9892723535252454e-06
5.7421573941705485e-06
5.5253836159705312e-07
-6.4930755762366280e-07
-3.8154786389453895e-08
9.6235285649779319e-08
4.8864670320787076e-09
-5.5309105184543511e-08
-9.7588215732370785e-09
1.8797998917181966e-08
3.0715311396974017e-04
-2.9757362098549031e-03
2.3126082857673442e-05
3.0493134856695279e-04
1.6097453469446843e-05
-4.8661735494807081e-05
-3.1785927142393012e-06
5.5569500963149765e-06
5.7925436274112497e-07
-6.0920834069796383e-07
-4.4523045202006994e-08
9.2969904165572800e-08
1.0484572106048194e-08
-5.4110785704196605e-08
-1.1835453076352611e-08
1.7294538486028473e-08
2.9684766963828507e-04
-2.9734171031805855e-03
1.7371298739529388e-05
3.0305506993174935e-04
1.7167283077336440e-05
-4.7997543826161358e-05
-3.3458932409379311e-06
5.3842840872092856e-06
6.0180003342192269e-07
-5.7201395028671957e-07
-5.0215395435165725e-08
8.9633418257019284e-08
1.5460816895325951e-08
-5.2520887785824637e-08
-1.3552676801250848e-08
1.5720256194288513e-08
2.8779991597115666e-04
-2.9711392961380440e-03
1.2209859615226121e-05
3.0136297786248625e-04
1.8125470934246169e-05
-4.7370877326578555e-05
-3.4929210865458311e-06
5.2249435970061836e-06
6.2069198821226984e-07
-5.3787721889242853e-07
-5.5249097063253484e-08
8.6312991550543180e-08
1.9820988855963757e-08
-5.0681347284686494e-08
-1.4944504439737293e-08
1.4145759083819071e-08
2.7987202297436343e-04
-2.9689633681286402e-03
7.6114996093725688e-06
2.9984381851915002e-04
1.8976813312988354e-05
-4.6788531716179699e-05
-3.6211620895301708e-06
5.0793999769703312e-06
6.3642580558984565e-07
-5.0686411812650589e-07
-5.9659750293100861e-08
8.3084271758278620e-08
2.3591944687422796e-08
-4.8714658112550006e-08
-1.6050906408606304e-08
1.2623138522836557e-08
2.7295283987521644e-04
-2.9669184861851809e-03
3.5515690224286496e-06
2.9849197980743008e-04
1.9725760292971736e-05
-4.6255338568363134e-05
-3.7321280181981718e-06
4.9481064332094560e-06
6.4942326786271141e-07
-4.7905971723440756e-07
-6.3476931218021802e-08
8.0021790817606737e-08
2.6805689273370664e-08
-4.6725938710825580e-08
-1.6911969691415531e-08
1.1195066520259167e-08
2.6696832514209941e-04
-2.9650219042586076e-03
8.5179464071069969e-09
2.9730377283194520e-04
2.0376720039012422e-05
-4.5775860238668779e-05
-3.8270634026201384e-06
4.8314838368481888e-06
6.6005780494331060e-07
-4.5449164262683023e-07
-6.6739628269646905e-08
7.7182653472915801e-08
2.9507243871515173e-08
-4.4800447624926943e-08
-1.7569187899913830e-08
9.8913088380111179e-09
2.6187594599415167e-04
-2.9632955251513459e-03
-3.0344357986465391e-06
2.9627917242538380e-04
2.0933112966331474e-05
-4.5353756187500188e-05
-3.9070880517958741e-06
4.7298255231581414e-06
6.6864811536084619e-07
-4.3319426328181843e-07
-6.9479519153414461e-08
7.4623854493281939e-08
3.1737514511840384e-08
-4.3011816772352523e-08
-1.8058358474627094e-08
8.7348748190890107e-09
2.5764730450297704e-04
-2.9617728547409951e-03
-5.5884695356083773e-06
2.9541686469367366e-04
2.1398254239102950e-05
-4.4991876653612018e-05
-3.9731736913874387e-06
4.6434055907309907e-06
6.7546995603026406e-07
-4.1517023978868677e-07
-7.1734186979413833e-08
7.2385930386276599e-08
3.3542621062043575e-08
-4.1414086779119325e-08
-1.8414658186665018e-08
7.7401575931896954e-09
2.5424930399311487e-04
-2.9604912858880584e-03
-7.6633242012968384e-06
2.9471427642127569e-04
2.1774902110983243e-05
-4.4692610939373247e-05
-4.0261427785734610e-06
4.5724328563617705e-06
6.8074768666252257e-07
-4.0043126677125244e-07
-7.3532414527725527e-08
7.0509798603082981e-08
3.4959244805644006e-08
-4.0054139746891230e-08
-1.8665250151263431e-08
6.9179366161696066e-09
2.5164260531071139e-04
-2.9594763001597421e-03
-9.2675923726971266e-06
2.9416905805845073e-04
2.2065485482266191e-05
-4.4457885936751347e-05
-4.0666527773317469e-06
4.5170672165132554e-06
6.8466719862312085e-07
-3.8897151248445965e-07
-7.4901772512808978e-08
6.9018976488514298e-08
3.6023234595492491e-08
-3.8962901162432082e-08
-1.8835901138663776e-08
6.2736224507262150e-09
2.4979757948309970e-04
-2.9587408602464744e-03
-1.0408859155805818e-05
2.9378001359995921e-04
2.2271767731361334e-05
-4.4289234182439583e-05
-4.0952165944530771e-06
4.4774385915847064e-06
6.8736531854055711e-07
-3.8079304819831498e-07
-7.5862714515326842e-08
6.7940720321544006e-08
3.6762397777055406e-08
-3.8168576862493257e-08
-1.8943602864978531e-08
5.8119357631883340e-09
2.4869774616003364e-04
-2.9582948477033378e-03
-1.1091663466727310e-05
2.9354700656850747e-04
2.2395000326310219e-05
-4.4187620867076218e-05
-4.1122092302719603e-06
4.4536288645599215e-06
6.8894571404574815e-07
-3.7588309015220794e-07
-7.6434259006145748e-08
6.7286277389839565e-08
3.7198179596498919e-08
-3.7684757225626021e-08
-1.9003736425693505e-08
5.5341360777588344e-09
2.4833244001412272e-04
-2.9581455058697390e-03
-1.1318925968972386e-05
2.9346934722765774e-04
2.2436013621572498e-05
-4.4153694216835116e-05
-4.1178536693821198e-06
4.4456804656407798e-06
6.8946432299545079e-07
-3.7425145381925358e-07
-7.6621904774399957e-08
6.7068324647857848e-08
3.7341762412301891e-08
-3.7522864891912982e-08
-1.9022306923155343e-08
5.4417807290212724e-09
6.4558985746733001e-03
6.1712088270151233e-02
-4.8467458845175886e-02
-6.6954641041739680e-03
1.8735055486140517e-02
-3.1080238615878653e-02
1.4303537681560612e-02
1.9629538571408704e-02
-1.5182875613461681e-02
3.5689517640564491e-03
1.3902547876610673e-03
-9.7350737458926744e-03
5.2687174002108098e-03
2.8739994115555465e-03
-2.5773868430196251e-03
2.3458721708506992e-03
6.7036449588511425e-03
6.1053314939421496e-02
-4.7879998035866782e-02
-6.2411423389268743e-03
1.8023196747946692e-02
-3.0683736108900295e-02
1.4258632103617707e-02
1.8936927927921419e-02
-1.4692510110778345e-02
3.7614349720643588e-03
1.1406704427687846e-03
-9.4522829829253845e-03
5.1420353269211270e-03
2.6524240421759329e-03
-2.4175674077508004e-03
2.3113887337809728e-03
7.4368590321747911e-03
5.9120526018494879e-02
-4.6158359731521409e-02
-4.9317088178090591e-03
1.5998965716038226e-02
-2.9507980901329917e-02
1.4072799050617497e-02
1.6971043306055249e-02
-1.3281682604218198e-02
4.2483201120484260e-03
4.7294423131121805e-04
-8.6257242552034395e-03
4.7604901477527736e-03
2.0481057462400456e-03
-1.9782265018837408e-03
2.1958863698197197e-03
8.6224005222238480e-03
5.6038215032261585e-02
-4.3415789658988395e-02
-2.9210710677205565e-03
1.2968898632031111e-02
-2.7596266894133328e-02
1.3621527527740557e-02
1.4040656292009582e-02
-1.1132371992959694e-02
4.7982260023379892e-03
-3.9913472158388318e-04
-7.3312310620415704e-03
4.1317307376332246e-03
1.2236165802529358e-03
-1.3684080873708534e-03
1.9748020618754998e-03
1.0197175578179648e-02
5.1995667482039230e-02
-3.9816926637938399e-02
-4.4429011283295345e-04
9.3637600972065783e-03
-2.5026918960795393e-02
1.2775153865850269e-02
1.0579498727989545e-02
-8.5377412704381820e-03
5.1414499198647271e-03
-1.2077712744136694e-03
-5.7161937248955035e-03
3.2994550038973618e-03
3.9199748901927244e-04
-7.3409269513015200e-04
1.6383716128055407e-03
1.2062769723058383e-02
4.7225271682954477e-02
-3.5556664643433537e-02
2.2124304004463450e-03
5.6499095637130682e-03
-2.1920203080026415e-02
1.1467955499504997e-02
7.0539152069829525e-03
-5.8561343034615569e-03
5.0849148779346124e-03
-1.7307592772239746e-03
-3.9949186694089927e-03
2.3615534639920511e-03
-2.5418028495429265e-04
-2.1223938849612419e-04
1.2158189694116020e-03
1.4086155064450863e-02
4.1979397399904472e-02
-3.0846985942920076e-02
4.7502485567210194e-03
2.2471024924744158e-03
-1.8442057781590589e-02
9.7385512576976616e-03
3.8764178425943359e-03
-3.4306986127906492e-03
4.5820583744653675e-03
-1.8685008945025147e-03
-2.4043733032331014e-03
1.4566981634468921e-03
-6.0795561197050886e-04
1.1482678769128782e-04
7.7626755575787296e-04
1.6108288691291075e-02
3.6508710110642585e-02
-2.5910707093018150e-02
6.9003986144768716e-03
-5.3202670869949677e-04
-1.4798080895986688e-02
7.7310573993267535e-03
1.3401699851329884e-03
-1.5090067353042073e-03
3.7299336350537031e-03
-1.6619751035757782e-03
-1.1356457486428656e-03
7.1725391198601465e-04
-6.7606795247567226e-04
2.4279428398956836e-04
4.0009641501540053e-04
1.7959753223115885e-02
3.1044262179763450e-02
-2.0975116868120178e-02
8.4636648762111549e-03
-2.5136084075372115e-03
-1.1214633420509145e-02
5.6577737054228205e-03
-4.1815809860370080e-04
-1.9915777907539406e-04
2.7115843306588622e-03
-1.2485597008311227e-03
-2.7973697424432751e-04
2.1676531740321445e-04
-5.5270964810543767e-04
2.3035682459195762e-04
1.3946573655709062e-04
1.9480925497619560e-02
2.5785028174655160e-02
-1.6259296027460280e-02
9.3370105821394458e-03
-3.6657701721302693e-03
-7.9101058347934763e-03
3.7370223834353347e-03
-1.4176306681543416e-03
5.2779645920722083e-04
1.7219366293306987e-03
-7.8783654756834742e-04
1.8288718772137646e-04
-4.9874949030235708e-05
-3.5731048879785669e-04
1.5600591220329648e-04
-8.8137476293322138e-07
2.0543111105948256e-02
2.0890833624620922e-02
-1.1955246326900043e-02
9.5197600979932302e-03
-4.0781949907372026e-03
-5.0621022944946793e-03
2.1349989963070463e-03
-1.7937324280309849e-03
7.9903679118990573e-04
9.0641189753385180e-04
-3.9886324270648371e-04
3.4918081787043299e-04
-1.4351270968293879e-04
-1.7963376077542308e-04
7.9141739449028071e-05
-5.1461903590961902e-05
2.1066165563013595e-02
1.6479014469806791e-02
-8.2087206691213721e-03
9.0989204195615903e-03
-3.9226247126411757e-03
-2.7793474893387316e-03
9.3515147444993979e-04
-1.7395485330676992e-03
7.8123565572196774e-04
3.3050785371899368e-04
-1.3410779015531001e-04
3.4059625707358039e-04
-1.4015858947426910e-04
-6.0023797711154102e-05
2.6976316749237794e-05
-5.2643493605835775e-05
2.1028006325316206e-02
1.2623466866074282e-02
-5.1059126596932590e-03
8.2202431566668777e-03
-3.4032971162041045e-03
-1.0898350821599784e-03
1.3762956468087861e-04
-1.4498223591718502e-03
6.2585122493037312e-04
-1.3534027337965175e-05
1.0308314050028923e-05
2.5929102432060302e-04
-1.0082851454902401e-04
7.6760213138720361e-07
1.7886888042188055e-06
-3.6407049677644897e-05
2.0463396535364071e-02
9.3561468249911215e-03
-2.6696638569566125e-03
7.0539203233104253e-03
-2.7119657467621731e-03
5.0437580711167356e-05
-3.1891315411540397e-04
-1.0807456824797547e-03
4.3911679634079005e-04
-1.7696456693139755e-04
6.7347099313779007e-05
1.6926836917685942e-04
-6.0533504285797729e-05
2.1137137625202377e-05
-5.6517321282863210e-06
-2.0172843611291452e-05
1.9452763176944592e-02
6.6714905771626835e-03
-8.6611648810575720e-04
5.7633862674634885e-03
-1.9982121006108188e-03
7.3429176839204550e-04
-5.2467633532930367e-04
-7.3264140536610962e-04
2.7816535284748368e-04
-2.2341750945299984e-04
7.4625159318427535e-05
9.8964281677963719e-05
-3.1964975727076705e-05
2.1271416738943237e-05
-5.2265951272010804e-06
-9.4044252756876650e-06
1.8104735238343019e-02
4.5336470039231656e-03
3.8064737624604963e-04
4.4833171886791640e-03
-1.3579906513607671e-03
1.0752291366138479e-03
-5.6990471674731914e-04
-4.5385456509919396e-04
1.6227219208544524e-04
-2.0803679906226765e-04
6.0871233471137667e-05
5.3554010542499825e-05
-1.5370912129994680e-05
1.4811679617308137e-05
-2.9005226284500717e-06
-3.6607765604890991e-06
1.6537374762114483e-02
2.8855197958948253e-03
1.1703893321132460e-03
3.3088617193424144e-03
-8.3780847665813169e-04
1.1832431258690811e-03
-5.2792594005218936e-04
-2.5541271592054821e-04
8.8819181640051271e-05
-1.6862670629032083e-04
4.2609188913964453e-05
2.7802041458499935e-05
-6.9338318449861085e-06
8.3159678579215518e-06
-1.0570297867341349e-06
-1.0461297695978756e-06
1.4862328210936649e-02
1.6580664214420728e-03
1.6092259245086796e-03
2.2949531878658515e-03
-4.4757839701313788e-04
1.1500375691394541e-03
-4.4927220657876626e-04
-1.2740976394634668e-04
4.6840906883823089e-05
-1.2618382522722855e-04
2.6938319250299941e-05
1.4526401829709182e-05
-2.9859206280529137e-06
3.7942927839198736e-06
-1.1245849549915068e-07
-1.1052885951732009e-09
1.3174176873490271e-02
7.7851162852349992e-04
1.7961777848633654e-03
1.4626109012368833e-03
-1.7505626847255594e-04
1.0435185214978430e-03
-3.6364052346837627e-04
-5.2313638503765660e-05
2.4968302165774199e-05
-8.9801013227056253e-05
1.5662791254968766e-05
8.0954907537326577e-06
-1.2093658965220533e-06
1.2079362175344840e-06
2.0940634286792034e-07
3.3746276810662471e-07
1.1545343665156157e-02
1.7667257191395587e-04
1.8151176701532365e-03
8.0836960909129593e-04
2.0129736361631857e-06
9.0874279822048725e-04
-2.8566192407222059e-04
-1.2918024380419012e-05
1.4571888092795172e-05
-6.1821014844496241e-05
8.3230960720276270e-06
5.0256218836613511e-06
-4.1511450738269357e-07
-2.7385275242908716e-08
2.1982274733241345e-07
3.7327791262050988e-07
1.0025561111405410e-02
-2.1087972106339080e-04
1.7316003130993123e-03
3.1380913912536218e-04
1.0760155472963101e-04
7.7241982266916954e-04
-2.2075002205840602e-04
4.4312156808789476e-06
1.0126064389267878e-05
-4.1579123612187973e-05
3.8654285745387807e-06
3.4781237321440946e-06
-5.1451900930609540e-08
-4.7875133687805134e-07
1.2931777543754712e-07
3.0085742992003745e-07
8.6443139388023386e-03
-4.3862153704411002e-04
1.5932748237449180e-03
-4.6506700928057368e-05
1.6299998163311433e-04
6.4834891547095835e-04
-1.6944867965859223e-04
9.3180287052730705e-06
8.4420589193533489e-06
-2.7478539480608495e-05
1.3198403938363001e-06
2.5843209131157673e-06
1.0541426394873666e-07
-5.4724287309916174e-07
4.7385556274449133e-08
1.9873687480246211e-07
7.4147573969648639e-03
-5.5139440065280192e-04
1.4324316089550963e-03
-2.9938268908477600e-04
1.8521034170107729e-04
5.4212164386634935e-04
-1.3015517267431817e-04
7.9286022548771142e-06
7.8302835051473617e-06
-1.7879123738261265e-05
-3.2559450467027271e-08
1.9706237663840103e-06
1.5006702644520907e-07
-4.5603659017340153e-07
2.1087654300029233e-10
1.0148927065790493e-07
6.3379919449126996e-03
-5.8476598008829123e-04
1.2693820205221934e-03
-4.6960074761176257e-04
1.8687480494250999e-04
4.5456297436975485e-04
-1.0057436813082972e-04
3.9847886793296581e-06
7.4890318646560950e-06
-1.1423723039100572e-05
-6.7587337297513665e-07
1.4886791766401533e-06
1.4147462217737621e-07
-3.2395580480802874e-07
-1.3830364203376219e-08
3.1259398283492944e-08
5.4069921281051829e-03
-5.6601603135333336e-04
1.1157683295366619e-03
-5.7830579376793863e-04
1.7685278591908566e-04
3.8401365692870794e-04
-7.8428008061081711e-05
-4.6353743936404116e-07
7.0922691664948612e-06
-7.0965711316920178e-06
-9.2403740196879012e-07
1.0876247099402838e-06
1.0933870846567857e-07
-2.1220108693747677e-07
-3.4440639955831548e-09
-9.5316034886626757e-09
4.6098405014312555e-03
-5.1541306093484261e-04
9.7734178562698822e-04
-6.4256337319232196e-04
1.6097776614300356e-04
3.2777718035085867e-04
-6.1764388452964687e-05
-4.4335219571798199e-06
6.5583103668747115e-06
-4.1753835134652605e-06
-9.6717016480985118e-07
7.5870909431321012e-07
6.8218798794498527e-08
-1.3664719762153636e-07
1.6082303518005975e-08
-2.6468714277798317e-08
3.9321713079213776e-03
-4.4754024901943004e-04
8.5609170309702007e-04
-6.7556479569146771e-04
1.4282586128529719e-04
2.8299961042678229e-04
-4.9054143427690021e-05
-7.5838104117462215e-06
5.9176508661400310e-06
-2.1776158843774766e-06
-9.1047655153789575e-07
4.9865508374529306e-07
3.1415133003243262e-08
-9.3955569016433653e-08
3.4129599730368270e-08
-2.4926675452100296e-08
3.3588873771118826e-03
-3.7252187878058330e-04
7.5179310697773684e-04
-6.8713701658925546e-04
1.2441507587768663e-04
2.4713792497644947e-04
-3.9191055310228760e-05
-9.9139778197658918e-06
5.2291076909153624e-06
-7.9570694040085584e-07
-8.1347982608718871e-07
3.0001939942991522e-07
5.7388551180592663e-09
-7.6915004718314286e-08
4.5926403836025771e-08
-1.2414315449447142e-08
2.8752844493955057e-03
-2.9708202387289221e-04
6.6308087586103390e-04
-6.8436748468922676e-04
1.0678003440055932e-04
2.1814376314163651e-04
-3.1419498527910161e-05
-1.1549706848314390e-05
4.5454643642110322e-06
1.6301765136198349e-07
-7.0737645053578827e-07
1.5593898412815399e-07
-7.8701532822246045e-09
-7.5709376896601415e-08
4.9453395436841721e-08
4.3219547056173250e-09
2.4677295794817487e-03
-2.2542177680485114e-04
5.8814907993109088e-04
-6.7223742735852336e-04
9.0401682955901499e-05
1.9446133182350823e-04
-2.5224952601029553e-05
-1.2630458944085571e-05
3.8990463008570704e-06
8.1773893297677384e-07
-6.0386780566899366e-07
5.6425700889778944e-08
-1.0505390087182996e-08
-8.0952764665147777e-08
4.5329916919145848e-08
2.0442108787574318e-08
2.1240177708709627e-03
-1.5992607361070343e-04
5.2515695016685160e-04
-6.5420132814102301e-04
7.5478063205883017e-05
1.7492620445807997e-04
-2.0244263866644630e-05
-1.3272004095119334e-05
3.3006926614809936e-06
1.2500987696239509e-06
-5.0833840302803122e-07
-1.1942576821844848e-08
-3.8010017114852284e-09
-8.6071070200330273e-08
3.5309286949088050e-08
3.3072905883635802e-08
1.8335050774528476e-03
-1.0172106722070598e-04
4.7241157440150639e-04
-6.3266557126161226e-04
6.2061377006439252e-05
1.5865368480257568e-04
-1.6204469551638439e-05
-1.3564775272461167e-05
2.7530940471885708e-06
1.5236446889258854e-06
-4.2511367084290048e-07
-5.9421547891581943e-08
9.6097766198525428e-09
-8.8312986862484476e-08
2.2121141758321174e-08
4.1062581510447482e-08
1.5870895664739603e-03
-5.1099137150270890e-05
4.2840699532261295e-04
-6.0933490382316519e-04
5.0120451652575597e-05
1.4495852679811860e-04
-1.2893190775321705e-05
-1.3588585458581064e-05
2.2591587479894885e-06
1.6862222348008400e-06
-3.5526111621182239e-07
-9.1675299254974471e-08
2.5771985353379763e-08
-8.6298598878477902e-08
8.1125063341682844e-09
4.3842392946877746e-08
1.3770986738530781e-03
-7.8279848276340647e-06
3.9179952212131864e-04
-5.8542998409185515e-04
3.9572334184865049e-05
1.3330592960310308e-04
-1.0152718772577575e-05
-1.3416868044458941e-05
1.8213579659339622e-06
1.7700653618358447e-06
-2.9700343429492950e-07
-1.1299378899611110e-07
4.2090509684915257e-08
-7.9279516337559620e-08
-5.1469695741830743e-09
4.2113706520670671e-08
1.1971298333513091e-03
2.8637208151692345e-05
3.6137770456909639e-04
-5.6180818153383041e-04
3.0305981742863161e-05
1.2328113559286578e-04
-7.8706905098598376e-06
-1.3107564611267980e-05
1.4380736657152231e-06
1.7957852729546821e-06
-2.4833880968326620e-07
-1.2688784591404878e-07
5.6655970091478683e-08
-6.8194165616515840e-08
-1.6250240299681184e-08
3.6915736113448132e-08
1.0418804960957958e-03
5.9015508694137720e-05
3.3605461741305695e-04
-5.3903237918626837e-04
2.2202403040194703e-05
1.1456166085981253e-04
-5.9619234006733427e-06
-1.2699894442373240e-05
1.1040620033213360e-06
1.7789569585335742e-06
-2.0716024164222418e-07
-1.3574591424653543e-07
6.7962052950766544e-08
-5.3934807712757235e-08
-2.4639283612820748e-08
2.9293042099950566e-08
9.0698991428527517e-04
8.4111295482301911e-05
3.1488001762257757e-04
-5.1742642127284547e-04
1.5141598632771632e-05
1.0689002867630932e-04
-4.3554029469239759e-06
-1.2222356766878722e-05
8.1364133755518992e-07
1.7325061630824099e-06
-1.7190093112061250e-07
-1.4160053909354547e-07
7.5650281340123042e-08
-3.7768067306001004e-08
-3.0100565997720290e-08
2.0472103462690241e-08
7.8890147415358971e-04
1.0475373325099496e-04
2.9705367168966670e-04
-4.9713388727029497e-04
8.9979507997903309e-06
1.0006014614264836e-04
-2.9925587863176350e-06
-1.1700468791209170e-05
5.6225756648855263e-07
1.6669068726860438e-06
-1.4167712434739392e-07
-1.4529415604701000e-07
7.9448667756349675e-08
-2.1056131407231311e-08
-3.2722825777730215e-08
1.1332630122366821e-08
6.8474419724237959e-04
1.2175177958656707e-04
2.8192745494175675e-04
-4.7817645996589472e-04
3.6423825194730669e-06
9.3918717530561203e-05
-1.8288660058526206e-06
-1.1157934900298440e-05
3.4655112174702401e-07
1.5893074650193916e-06
-1.1529919598284041e-07
-1.4719668026680338e-07
7.9597858688679830e-08
-4.7013755804426089e-09
-3.2908434303776540e-08
2.6239694949160613e-09
5.9222866619542032e-04
1.3585954756283484e-04
2.6899536688105446e-04
-4.6050586224600392e-04
-1.0420784245935289e-06
8.8362555104669769e-05
-8.3372236043571286e-07
-1.0613228290888467e-05
1.6289659314845903e-07
1.5041956240520080e-06
-9.2004647559496336e-08
-1.4771506080357876e-07
7.6611986389879419e-08
1.0438435035438714e-08
-3.1098731951813632e-08
-5.1394420656356227e-09
5.0955379121951573e-04
1.4774972271519558e-04
2.5787283657817249e-04
-4.4404728686328116e-04
-5.1471340245567488e-06
8.3321668016781997e-05
1.5522078428012462e-08
-1.0076093658561483e-05
7.3404868603402858e-09
1.4145746598310414e-06
-7.1119159800519600e-08
-1.4693840885528624e-07
7.1041229517216308e-08
2.3846471732562587e-08
-2.7810307128584033e-08
-1.1664353187599164e-08
4.3532145455100845e-04
1.5799426638059250e-04
2.4826521248411885e-04
-4.2872949595493455e-04
-8.7413030953752919e-06
7.8738704281074802e-05
7.3995719937933520e-07
-9.5509589685911086e-06
-1.2443960247721699e-07
1.3230776266166553e-06
-5.2158676417666573e-08
-1.4522512938418947e-07
6.3575338542970798e-08
3.5228162883228764e-08
-2.3532216879748580e-08
-1.6809088417396161e-08
3.6845611165521618e-04
1.6705378084848777e-04
2.3993281480607742e-04
-4.1449395279482897e-04
-1.1882448289906904e-05
7.4560155732752910e-05
1.3594517759401138e-06
-9.0418313867578968e-06
-2.3572329919497941e-07
1.2323942063159016e-06
-3.5042520045991941e-08
-1.4267761958781434e-07
5.4831864269718432e-08
4.4414305390821489e-08
-1.8689556141907818e-08
-2.0569308390296168e-08
3.0813040638841548e-04
1.7527754874071194e-04
2.3266809896351398e-04
-4.0128449973955108e-04
-1.4624952849451909e-05
7.0739324134950679e-05
1.8899489308921584e-06
-8.5532898923065295e-06
-3.2892984308874055e-07
1.1439963004595909e-06
-1.9515879091178953e-08
-1.3930620695233137e-07
4.5340835070616521e-08
5.1444847888422996e-08
-1.3640459565171384e-08
-2.3039842085183492e-08
2.5370079233558726e-04
1.8291319543695174e-04
2.2629428194637360e-04
-3.8903444578628561e-04
-1.7018850522712035e-05
6.7238542934265318e-05
2.3436873309243193e-06
-8.0878473622047977e-06
-4.0666906466543869e-07
1.0587124548440287e-06
-5.4222068994611765e-09
-1.3526413621281843e-07
3.5590399956946200e-08
5.6453681145735636e-08
-8.6658044376962916e-09
-2.4362383682240732e-08
2.0465700386402508e-04
1.9012016669365492e-04
2.2067450329350526e-04
-3.7766852217188532e-04
-1.9108954382154029e-05
6.4027333763899428e-05
2.7320170673545659e-06
-7.6468136890214056e-06
-4.7130356110801252e-07
9.7744688578867734e-07
7.3202099521970168e-09
-1.3068205471163620e-07
2.5949741403164764e-08
5.9640464491439687e-08
-3.9636671544563567e-09
-2.4718163688855347e-08
1.6058212864337532e-04
1.9698248231466694e-04
2.1571253453849543e-04
-3.6711788320908408e-04
-2.0935811735336136e-05
6.1082287547889263e-05
3.0643877235641209e-06
-7.2319861452091125e-06
-5.2458872684892522e-07
9.0080687308859347e-07
1.8762862337711080e-08
-1.2566341314842100e-07
1.6711059865272715e-08
6.1250418553389577e-08
3.2875105603421976e-10
-2.4292547626055699e-08
1.2111900487388387e-04
2.0352052879201858e-04
2.1133978556826775e-04
-3.5733227402792467e-04
-2.2532549134898639e-05
5.8387035484924517e-05
3.3477792909473331e-06
-6.8441876736186569e-06
-5.6814944470174298e-07
8.2894591261882990e-07
2.9004479899974098e-08
-1.2030783482229172e-07
8.0681057987518577e-09
6.1542082023288472e-08
4.1368668295173609e-09
-2.3270297759692404e-08
8.5939987601781230e-05
2.0970630626251314e-04
2.0749864579392064e-04
-3.4827984086780318e-04
-2.3923841538257442e-05
5.5925863974760133e-05
3.5886252017882337e-06
-6.4827589159902918e-06
-6.0358601840009043e-07
7.6199597313076767e-07
3.8115643717328272e-08
-1.1475716142315148e-07
1.5800712331216099e-10
6.0779891926251195e-08
7.4245378197158071e-09
-2.1815722452437155e-08
5.4723541841688025e-05
2.1548336021776847e-04
2.0413271945574641e-04
-3.3993751939152128e-04
-2.5132514640830944e-05
5.3681384982615682e-05
3.7933674809929273e-06
-6.1474667161427538e-06
-6.3219176537419983e-07
7.0012854570006508e-07
4.6156143278569994e-08
-1.0912055944087396e-07
-6.9534912141147392e-09
5.9203431661616223e-08
1.0200112654930012e-08
-2.0076398761455688e-08
2.7141060560682438e-05
2.2078964717108949e-04
2.0118915688634837e-04
-3.3228088491166549e-04
-2.6181223372317122e-05
5.1639375786788241e-05
3.9669606984470833e-06
-5.8384072879873140e-06
-6.5500840626478576e-07
6.4330397206587529e-07
5.3200884635346712e-08
-1.0349566237274752e-07
-1.3241822028840224e-08
5.7037565929296199e-08
1.2484708760913726e-08
-1.8175643089084935e-08
2.8579634976922106e-06
2.2557716600502575e-04
1.9862552409222154e-04
-3.2528655672572806e-04
-2.7089208097678081e-05
4.9788935702622967e-05
4.1136257713386839e-06
-5.5551131152687701e-06
-6.7304362861593317e-07
5.9144093632083767e-07
5.9332169370972183e-08
-9.7984061733842501e-08
-1.8722393052717369e-08
5.4477990931118818e-08
1.4323480587656698e-08
-1.6212688950952264e-08
-1.8456238964061471e-05
2.2982314996541206e-04
1.9640455583113119e-04
-3.1893869642293045e-04
-2.7872312550416755e-05
4.8120425534258723e-05
4.2370393225282948e-06
-5.2971315531448757e-06
-6.8709790376484986e-07
5.4444828026596585e-07
6.4617470522589934e-08
-9.2667975214554671e-08
-2.3431797117368802e-08
5.1692223768043868e-08
1.5766713313144457e-08
-1.4268340356012125e-08
-3.7114559561326660e-05
2.3353526641342164e-04
1.9448659957064962e-04
-3.1322358426355936e-04
-2.8544018367258645e-05
4.6624326484622912e-05
4.3404326194966339e-06
-5.0638005857019350e-06
-6.9791935398995358e-07
5.0217448335562500e-07
6.9143564710442062e-08
-8.7621516457834364e-08
-2.7428347514079927e-08
4.8822400999322914e-08
1.6870583200365977e-08
-1.2401369703951581e-08
-5.3395368628884951e-05
2.3675020390648803e-04
1.9283372898319271e-04
-3.0812228215822124e-04
-2.9117329329578595e-05
4.5291949560516477e-05
4.4266903866610677e-06
-4.8546666198953498e-06
-7.0610728719988598e-07
4.6450515167901730e-07
7.2977477074171620e-08
-8.2909462510004784e-08
-3.0773978998802651e-08
4.5982426147769614e-08
1.7689987060444325e-08
-1.0655996322185709e-08
-6.7525807645796095e-05
2.3952309958701003e-04
1.9141601326898985e-04
-3.0361414050501069e-04
-2.9603432661537136e-05
4.4116781481083075e-05
4.4981081926357501e-06
-4.6692116212102817e-06
-7.1219236776560310e-07
4.3127121082802041e-07
7.6197830854898678e-08
-7.8580727322277028e-08
-3.3542546732578195e-08
4.3266020492478566e-08
1.8278875988015676e-08
-9.0626697830078942e-09
-7.9675474523168194e-05
2.4190830385197056e-04
1.9020833282838376e-04
-2.9968036605286709e-04
-3.0011571621880941e-05
4.3092705036186876e-05
4.5567540596130211e-06
-4.5068926641700152e-06
-7.1661677376537284e-07
4.0234287297514925e-07
7.8866071368906201e-08
-7.4682223128111081e-08
-3.5798697794461399e-08
4.0745740054389464e-08
1.8684117197684160e-08
-7.6410505240366046e-09
-8.9965933208481394e-05
2.4394413126559714e-04
1.8919160916094086e-04
-2.9630187425846598e-04
-3.0350107823184936e-05
4.2214678572120856e-05
4.6043456783813529e-06
-4.3672634672366562e-06
-7.1975945266838031e-07
3.7757283815769078e-07
8.1050244537142859e-08
-7.1245263840215842e-08
-3.7611943807875552e-08
3.8476729225613476e-08
1.8950597116232815e-08
-6.4035439920317452e-09
-9.8490714622587330e-05
2.4564719165800250e-04
1.8835327620670439e-04
-2.9346407173964722e-04
-3.0625740656410558e-05
4.1478608772439148e-05
4.6423151588529712e-06
-4.2498849702358157e-06
-7.2192405601143901e-07
3.5684484713273373e-07
8.2799388806536491e-08
-6.8300202154686362e-08
-3.9037833394858264e-08
3.6502255680050371e-08
1.9113878246141954e-08
-5.3557837337839991e-09
-1.0533589247058635e-04
2.4702151341940534e-04
1.8768271154461706e-04
-2.9115646297008267e-04
-3.0844044269130643e-05
4.0881053931332026e-05
4.6718322676595076e-06
-4.1543807265456639e-06
-7.2337027819054144e-07
3.4004189911899540e-07
8.4165613067308269e-08
-6.5863992694676612e-08
-4.0132521275020126e-08
3.4852605199617076e-08
1.9207019261882163e-08
-4.5007169241190572e-09
-1.1058250780295254e-04
2.4807491941490601e-04
1.8717086542831561e-04
-2.8937096283777837e-04
-3.1009326720751698e-05
4.0419194413477552e-05
4.6938453281424074e-06
-4.0804384196115871e-06
-7.2429290054964822e-07
3.2707445751000341e-07
8.5185188044989836e-08
-6.3957131568028944e-08
-4.0937313069431332e-08
3.3550901374548300e-08
1.9253228408132794e-08
-3.8377542725085171e-09
-1.1429149881735803e-04
2.4881988030099898e-04
1.8680995236111658e-04
-2.8810080106747332e-04
-3.1124995752357416e-05
4.0090789511239457e-05
4.7090701527906710e-06
-4.0278044575264608e-06
-7.2484877537850158e-07
3.1786242852429014e-07
8.5893058272783055e-08
-6.2586219014303980e-08
-4.1487835969247484e-08
3.2610748330790863e-08
1.9273575645984103e-08
-3.3660370213784568e-09
-1.1650114155265441e-04
2.4926454093692212e-04
1.8659536936107369e-04
-2.8734050450948310e-04
-3.1193475941489031e-05
3.9894375912751632e-05
4.7180053114925021e-06
-3.9962955806345774e-06
-7.2513828294388334e-07
3.1236178084327257e-07
8.6306379881831473e-08
-6.1761949471817595e-08
-4.1807124046141456e-08
3.2043099974614353e-08
1.9279516729397636e-08
-3.0833848232091846e-09
-1.1723496289936508e-04
2.4941223673185175e-04
1.8652417476441911e-04
-2.8708743316430743e-04
-3.1216125635711992e-05
3.9828993704129777e-05
4.7209465609501951e-06
-3.9858111873221699e-06
-7.2523056312675453e-07
3.1052775225701490e-07
8.6444954067594866e-08
-6.1485972717266338e-08
-4.1912471764781389e-08
3.1853463091445597e-08
1.9281219797260152e-08
-2.9894384661948922e-09
-3.3953698838118251e-01
-1.0708875522439116e-02
3.7561604032665515e-02
4.6941257173069739e-02
-3.8556638980914652e-02
-2.1715288784181781e-02
3.1391280214169856e-02
-1.3640253500140642e-02
-2.2785872099451662e-03
2.4175496698858073e-02
-1.3930721029209767e-02
-8.6232418704951588e-03
9.0583028351233878e-03
-5.9989045267111905e-03
1.2900862502877078e-03
7.1587361022552630e-03
-3.3678548036943590e-01
-1.0305700300119368e-02
3.6724499871713945e-02
4.7080540386449890e-02
-3.8225166485560971e-02
-2.1599626193274067e-02
3.0829097404610442e-02
-1.3606838596436313e-02
-1.9731421402439091e-03
2.3667542857152411e-02
-1.3675187658950703e-02
-8.1776568153036477e-03
8.6490266367376719e-03
-5.9665730827288248e-03
1.3908178755574691e-03
6.8584169946263379e-03
-3.2867177546822363e-01
-9.1492578097942291e-03
3.4319538062032487e-02
4.7447893427572919e-02
-3.7256244797669952e-02
-2.1212504179617470e-02
2.9183917319031173e-02
-1.3503226223489036e-02
-1.1223013420062779e-03
2.2191553070262361e-02
-1.2910889665766614e-02
-6.9343271001068218e-03
7.5027577733811045e-03
-5.8321694078441256e-03
1.6350824044072487e-03
6.0108179067560902e-03
-3.1560189487759360e-01
-7.4064153649466497e-03
3.0643898667389650e-02
4.7902499994546079e-02
-3.5715827891634133e-02
-2.0451823135257209e-02
2.6575752758595535e-02
-1.3313884374547686e-02
9.4557381259337966e-05
1.9884384596382677e-02
-1.1657758068371694e-02
-5.1478020794937657e-03
5.8450416589914964e-03
-5.5100127034858892e-03
1.8801466295700047e-03
4.7685800791724070e-03
-2.9820306856521550e-01
-5.3586227531053441e-03
2.6127198221478989e-02
4.8242411837552415e-02
-3.3685961560159246e-02
-1.9201327952784571e-02
2.3193809232331570e-02
-1.3000809540153148e-02
1.4286702962275153e-03
1.6954529098781632e-02
-9.9817008555262033e-03
-3.1642599368378525e-03
3.9896967046021683e-03
-4.9287476434718772e-03
1.9743870565794527e-03
3.3563279181235348e-03
-2.7726496345029633e-01
-3.3551611989207342e-03
2.1253944131630793e-02
4.8244529749455450e-02
-3.1242490771867682e-02
-1.7389101704996877e-02
1.9285376018684647e-02
-1.2501676713530913e-02
2.6194364528276427e-03
1.3660380679772516e-02
-8.0145851306314894e-03
-1.3299304555629346e-03
2.2567325817403196e-03
-4.0898195636422273e-03
1.8352553734473688e-03
2.0178972510690187e-03
-2.5367909243035769e-01
-1.7111568806658058e-03
1.6485973178853933e-02
4.7705453651265814e-02
-2.8447528733928067e-02
-1.5033608066441667e-02
1.5140776449691274e-02
-1.1745846384111462e-02
3.4526427769241540e-03
1.0286753867075822e-02
-5.9471543814161058e-03
9.3217081178139906e-05
8.8871700075787588e-04
-3.0851708118746469e-03
1.4853194983662911e-03
9.4875329343688546e-04
-2.2838336524962627e-01
-6.0016436421191045e-04
1.2199257656338962e-02
4.6474970170968501e-02
-2.5358501487739576e-02
-1.2259631977718267e-02
1.1068183440434112e-02
-1.0684688370039139e-02
3.8085365884804622e-03
7.1148200971922560e-03
-3.9931030122870061e-03
9.7903407485396693e-04
-2.7548032824439860e-06
-2.0653583946983636e-03
1.0291494941754794e-03
2.4286915483266613e-04
-2.0231213776217633e-01
-1.2697162895574041e-05
8.6431105456671563e-03
4.4478070177634936e-02
-2.2045525950505070e-02
-9.2789283789209333e-03
7.3565118873195091e-03
-9.3218564190157352e-03
3.6852128805398713e-03
4.3818252329748232e-03
-2.3380700208997067e-03
1.3437873072678016e-03
-4.4106420164122804e-04
-1.1799917217981827e-03
5.9176671491605092e-04
-1.1783131041349634e-04
-1.7634939939387329e-01
1.9343595722270252e-04
5.9253713334992139e-03
4.1724719744480686e-02
-1.8605133255300825e-02
-6.3440685557704084e-03
4.2327950922670466e-03
-7.7277531237780602e-03
3.1857009721157981e-03
2.2404653183207297e-03
-1.0945174157171050e-03
1.3109055075015948e-03
-5.4344565463759168e-04
-5.2453993937693678e-04
2.6041005306359359e-04
-2.2823718927885415e-04
-1.5128425345498095e-01
1.9568659079772708e-04
4.0236163321450387e-03
3.8307514690426439e-02
-1.5161833139155321e-02
-3.6929679036983997e-03
1.8268566792493620e-03
-6.0289194572986484e-03
2.4736577166089737e-03
7.3667179625350860e-04
-2.8179344689288388e-04
1.0504675966239222e-03
-4.5833501951171048e-04
-1.1850070445508406e-04
6.0912846234146913e-05
-2.0375870820869691e-04
-1.2777108869932316e-01
1.3024994014851953e-04
2.8177427231483435e-03
3.4387279015730396e-02
-1.1856121433210635e-02
-1.5021775001294107e-03
1.5759485492550067e-04
-4.3752545570840970e-03
1.7179666102362552e-03
-1.8352537942660884e-04
1.6076449195801578e-04
7.1884050943275791e-04
-3.1080486176780759e-04
8.0539308948541103e-05
-2.9303748480667230e-05
-1.3539461338990544e-04
-1.0629939846294167e-01
6.7949865097453874e-05
2.1341668174282118e-03
3.0168211803194456e-02
-8.8233569818163635e-03
1.3892486695462572e-04
-8.5269136281526724e-04
-2.9003371094101431e-03
1.0479389930362504e-03
-6.4205374716936605e-04
3.3725113672985964e-04
4.2120556215320058e-04
-1.7634984619914172e-04
1.4267369541373005e-04
-5.1985866735407273e-05
-7.3092772454386274e-05
-8.7178814922617157e-02
2.9304687868846714e-05
1.7896206566043315e-03
2.5867281469932748e-02
-6.1711959240270692e-03
1.2291211132868282e-03
-1.3430910095636967e-03
-1.6921521238058698e-03
5.3255412132672153e-04
-7.8562840272394384e-04
3.5543846095090621e-04
2.0449406440508917e-04
-8.3560699342551228e-05
1.3399454338445060e-04
-4.4245526031548961e-05
-3.2781095546789952e-05
-7.0542815140660811e-02
1.0766497400277789e-05
1.6245983298545862e-03
2.1684628765042790e-02
-3.9636544401945323e-03
1.8359503707143382e-03
-1.4727792589550595e-03
-7.8292408619078373e-04
1.8484810703631681e-04
-7.4819790378410867e-04
3.0034209395748886e-04
7.1996730068489909e-05
-3.1582258430285015e-05
1.0038839003978365e-04
-2.8940073820119485e-05
-1.2170301421813885e-05
-5.6370369921137080e-02
3.5327493581522946e-06
1.5215489762306961e-03
1.7781245625290799e-02
-2.2164393759071628e-03
2.0660611766765247e-03
-1.3870948187560124e-03
-1.5676640990962439e-04
-1.8752856571057949e-05
-6.3001654038573557e-04
2.2562542322879283e-04
4.7893482745667121e-06
-7.9753619548091551e-06
6.6076384836291830e-05
-1.5970119176098763e-05
-3.7144794558512396e-06
-4.4520456017664176e-02
1.1606133270189366e-06
1.4084719153945257e-03
1.4267419241107771e-02
-9.0316428624547321e-04
2.0359853020781374e-03
-1.1983494658734694e-03
2.3260330499695007e-04
-1.1704075546791052e-04
-4.9367766511040987e-04
1.5785819353329676e-04
-2.1008939208313867e-05
6.1414270582142077e-09
3.9871396149011305e-05
-7.5801506264812410e-06
-1.0565615259050706e-06
-3.4771935338977267e-02
4.4432724356181092e-07
1.2523034682322927e-03
1.1201844923559997e-02
3.1522503817435431e-05
1.8506068705503535e-03
-9.8123651444982597e-04
4.4316904026029286e-04
-1.4841644273619922e-04
-3.7084873543767128e-04
1.0587118990362419e-04
-2.4986713986184917e-05
1.1309849587089963e-06
2.2566690922088077e-05
-2.9519180353467066e-06
-5.3214920129066806e-07
-2.6861568264859893e-02
1.8851463156653550e-07
1.0475352683415387e-03
8.5986593359832306e-03
6.5706843694451466e-04
1.5918523548067018e-03
-7.7785761410252086e-04
5.3068734616040390e-04
-1.4305568349916753e-04
-2.7276229912454931e-04
6.9489221540836632e-05
-1.9870533634631564e-05
1.1459964835734120e-07
1.2090345999529129e-05
-6.9489844861129562e-07
-5.2849870917058331e-07
-2.0515195582822193e-02
5.5762949567626392e-08
8.0454289641309262e-04
6.4386345627379174e-03
1.0444685162914354e-03
1.3161595339082391e-03
-6.0678526242059338e-04
5.4107826001441415e-04
-1.2120818386634196e-04
-1.9966416045841511e-04
4.5312434477355104e-05
-1.2523404406505977e-05
-1.0391129197237781e-06
6.0737885619929179e-06
2.7105650719641103e-07
-5.2277153061970080e-07
-1.5469976118688373e-02
-2.1039298733540706e-08
5.4023526791793645e-04
4.6811361813897858e-03
1.2578850197866938e-03
1.0574986641122340e-03
-4.7214350606552462e-04
5.0813443491697986e-04
-9.4749959385592153e-05
-1.4727353466234365e-04
2.9635806453801969e-05
-5.9673148933879709e-06
-1.7345461577494597e-06
2.7248135038570509e-06
6.0089474361857961e-07
-4.3210272959933993e-07
-1.1487913394401434e-02
-5.3065674419208056e-08
2.7186362574239649e-04
3.2745827451702331e-03
1.3504541802063352e-03
8.3281793440865952e-04
-3.7064728328227523e-04
4.5453181616408092e-04
-6.9702910599822005e-05
-1.1036975513610275e-04
1.9507935159089578e-05
-1.1350950229957352e-06
-1.9530597711633133e-06
8.9736182603614161e-07
6.4276654206342189e-07
-2.9629811223169777e-07
-8.3622776784922897e-03
-5.3871821908087095e-08
1.3702587425868170e-05
2.1643760857148037e-03
1.3633224010455522e-03
6.4769587504133247e-04
-2.9616804793057051e-04
3.9423719191804859e-04
-4.8521479934775168e-05
-8.4372926149488289e-05
1.2883153331535818e-05
1.9929757881742809e-06
-1.8450367382479005e-06
-8.0227491932423267e-08
5.6855767951658872e-07
-1.6137454505057855e-07
-5.9189787197150272e-03
-3.9222706586861059e-08
-2.2416222112584019e-04
1.2981787426463941e-03
1.3266674096152813e-03
5.0102206168824073e-04
-2.4226189844366069e-04
3.3508370448163738e-04
-3.1736441164437700e-05
-6.5796797411503126e-05
8.4504267253221197e-06
3.7697533719342200e-06
-1.5658014076302980e-06
-5.8264672839169909e-07
4.5925123257739346e-07
-5.3167861539192179e-08
-4.0147987539598858e-03
-2.0952731685776422e-08
-4.3575860906061912e-04
6.2892154085884182e-04
1.2616242376718393e-03
3.8834561881985057e-04
-2.0332344301634669e-04
2.8093311514750213e-04
-1.8981297660316195e-05
-5.2195252755815969e-05
5.4057104392909779e-06
4.5923100097153289e-06
-1.2270891039295092e-06
-8.1559639039307528e-07
3.5062683472679362e-07
2.0659635258488542e-08
-2.5339756896021995e-03
-6.5073823230260425e-09
-6.1852176731317624e-04
1.1611936454053950e-04
1.1823848668051256e-03
3.0400476181862546e-04
-1.7494383453402931e-04
2.3326767870789189e-04
-9.5692784812189802e-06
-4.1938339215813917e-05
3.2651400512238098e-06
4.7941772406060082e-06
-8.9576908467132173e-07
-8.9337076788526859e-07
2.5678632573000917e-07
6.3448486013225403e-08
-1.3841678528760961e-03
1.2414457569516060e-09
-7.7239648413486421e-04
-2.7393338448417423e-04
1.0980816653309358e-03
2.4233713341301536e-04
-1.5386932225813202e-04
1.9226214779184507e-04
-2.7814748603865793e-06
-3.3973221457505954e-05
1.7370715712555312e-06
4.6212927013732025e-06
-6.0521495969603121e-07
-8.8144043508685230e-07
1.8187154391618891e-07
8.2860664063165618e-08
-4.9243318026759731e-04
2.8071916911604335e-09
-8.9898919702643607e-04
-5.6861866335280304e-04
1.0143105220429029e-03
1.9827737993673364e-04
-1.3779873922506474e-04
1.5745113661599886e-04
2.0109835290079314e-06
-2.7628671508290424e-05
6.4108827328240525e-07
4.2408911909478527e-06
-3.6752013003109309e-07
-8.1912394395532542e-07
1.2532282088762057e-07
8.6843474452762699e-08
1.9843591029692468e-04
1.4284029984236955e-10
-1.0008731219203983e-03
-7.8976572907006549e-04
9.3428478420419156e-04
1.6758135042012828e-04
-1.2515075093707165e-04
1.2811400612945732e-04
5.3128338340672611e-06
-2.2472765858055245e-05
-1.4017753030152588e-07
3.7605243752818513e-06
-1.8287832901376871e-07
-7.3093364666221273e-07
8.4474161885550362e-08
8.2002700061174804e-08
7.3307992443766182e-04
-4.5258790048230467e-09
-1.0810688847247151e-03
-9.5452293434507176e-04
8.5966902427617056e-04
1.4684250692251490e-04
-1.1485810660410945e-04
1.0347931532161896e-04
7.5125866837364417e-06
-1.8219458643156629e-05
-6.8777272782224322e-07
3.2467639329369286e-06
-4.5584976956020848e-08
-6.3254067955402493e-07
5.6056509260624629e-08
7.3149810557466623e-08
1.1462140253816998e-03
-9.3322060771633382e-09
-1.1426846176390182e-03
-1.0762078200711792e-03
7.9115856286475668e-04
1.3340571021843220e-04
-1.0620748302879411e-04
8.2821161859950992e-05
8.9036928137799336e-06
-1.4672337765301706e-05
-1.0603880347244279e-06
2.7396398695819698e-06
5.2103247164333414e-08
-5.3399706861510288e-07
3.6954439085416403e-08
6.3334663908985995e-08
1.4647792277602369e-03
-1.2996115152101038e-08
-1.1886862658873891e-03
-1.1650737853933424e-03
7.2886676786719897e-04
1.2524193792528020e-04
-9.8724702659230278e-05
6.5496720555866314e-05
9.7058734002575427e-06
-1.1691507109731291e-05
-1.3016253441132426e-06
2.2622559168048068e-06
1.1799405168360217e-07
-4.4127867771806102e-07
2.4448504465948109e-08
5.4187525648665831e-08
1.7096644894774450e-03
-1.4871698809387559e-08
-1.2217681395786371e-03
-1.2289681083820444e-03
6.7257410381593990e-04
1.2082127641385398e-04
-9.2095557917656686e-05
5.0955010771357889e-05
1.0082906318508679e-05
-9.1739940471018124e-06
-1.4443204195301111e-06
1.8267580717272130e-06
1.5928409524634594e-07
-3.5752567283158918e-07
1.6323126349734726e-08
4.6423329088459006e-08
1.8970672130814920e-03
-1.4866539034216484e-08
-1.2442959535596916e-03
-1.2738761938911728e-03
6.2188353617151240e-04
1.1900242676405129e-04
-8.6112059647712948e-05
3.8732181739804976e-05
1.0156179627657410e-05
-7.0415993650189911e-06
-1.5134828789733085e-06
1.4381864391152718e-06
1.8217191782589923e-07
-2.8404960839977955e-07
1.0946103119102789e-08
4.0207686348660980e-08
2.0395567245290432e-03
-1.3202086069369519e-08
-1.2582982721661608e-03
-1.3043577263730781e-03
5.7631631408662488e-04
1.1894372671379842e-04
-8.0636669085052572e-05
2.8441544617417696e-05
1.0015311810309746e-05
-5.2328586097671937e-06
-1.5284330801459876e-06
1.0971177143244400e-06
1.9176141000864397e-07
-2.2100793003219686e-07
7.1899598735453965e-09
3.5369872445013578e-08
2.1468999065486060e-03
-1.0293511822673397e-08
-1.2654863393640424e-03
-1.3238872347389459e-03
5.3537126988820877e-04
1.2003350961133331e-04
-7.5578489209378479e-05
1.9762544011259141e-05
9.7265501130004302e-06
-3.6980316214391868e-06
-1.5042358207326179e-06
8.0159767904646296e-07
1.9207982277951839e-07
-1.6787931257372139e-07
4.3219436016024498e-09
3.1617976231147276e-08
2.2266984994384741e-03
-6.6210003883595607e-09
-1.2672873605678288e-03
-1.3351153084825347e-03
4.9856127140490475e-04
1.2183495500789935e-04
-7.0877344993539425e-05
1.2430283683815553e-05
9.3390337417390102e-06
-2.3961735758015706e-06
-1.4525430555544354e-06
5.4836081220694069e-07
1.8619536062971178e-07
-1.2376625272599100e-07
1.9180863017139981e-09
2.8629055727071984e-08
2.2848805713728553e-03
-2.6273808725851351e-09
-1.2648814415316743e-03
-1.3400669284235169e-03
4.6543413000921290e-04
1.2404152579198954e-04
-6.6493114001703858e-05
6.2262985262514544e-06
8.8891165470543077e-06
-1.2932860041439325e-06
-1.3822646655786810e-06
3.3349055947723151e-07
1.7638662361940749e-07
-8.7580250329813124e-08
-2.4599922555219883e-10
2.6118189065879225e-08
2.3260793310704363e-03
1.3087012600300648e-09
-1.2592373251711221e-03
-1.3402920388956392e-03
4.3558201892907636e-04
1.2644151767335287e-04
-6.2398332259641778e-05
9.7074065471112689e-07
8.4034529275310830e-06
-3.6083312636340529e-07
-1.3001698777357819e-06
1.5281455944807135e-07
1.6431830777273855e-07
-5.8197731126477166e-08
-2.2605259515617962e-09
2.3868180634302135e-08
2.3539270496814508e-03
4.9109575616444653e-09
-1.2511449771184478e-03
-1.3369801982758773e-03
4.0864334696969482e-04
1.2889112350762062e-04
-5.8572902460328751e-05
-3.4845410709906105e-06
7.9013708314843462e-06
4.2547383504530287e-07
-1.2113733679390159e-06
2.1790023569548411e-09
1.5116598719820618e-07
-3.4551130187583352e-08
-4.1370282422186317e-09
2.1729606699947287e-08
2.3712816615461224e-03
7.9958555166269817e-09
-1.2412445320601855e-03
-1.3310479859244061e-03
3.8430062530817630e-04
1.3129473523075148e-04
-5.5000750884575298e-05
-7.2622641244460194e-06
7.3968327718042032e-06
1.0866024955558660e-06
-1.1197203157126579e-06
-1.2236532433794252e-07
1.3774015266423083e-07
-1.5674876632718868e-08
-5.8512756651023327e-09
1.9614450087211198e-08
2.3804028039370682e-03
1.0468278522723547e-08
-1.2300517223753050e-03
-1.3232059323054325e-03
3.6227663475575037e-04
1.3359073903183166e-04
-5.1668124952498253e-05
-1.0464919491136365e-05
6.8999555852158241e-06
1.6406719755781418e-06
-1.0280660699122395e-06
-2.2443126310814094e-07
1.2457455981810151e-07
-7.2582850052594056e-10
-7.3682756042434452e-09
1.7486109914891933e-08
2.3830882168237519e-03
1.2300668063912387e-08
-1.2179803927642801e-03
-1.3140096071040286e-03
3.4232968609725496e-04
1.3574133646875825e-04
-4.8562883662339896e-05
-1.3178694841308189e-05
6.4179902444445551e-06
2.1032728598656886e-06
-9.3845359724390432e-07
-3.0726954276735452e-07
1.1199789756480648e-07
1.1021074990632964e-08
-8.6537891691475312e-09
1.5338821892741534e-08
2.3807784507840269e-03
1.3518364956513662e-08
-1.2053624199039412e-03
-1.3038979464173228e-03
3.2424899753791150e-04
1.3772559054833143e-04
-4.5674077790601289e-05
-1.5476347628113275e-05
5.9559665507443313e-06
2.4878056091249179e-06
-8.5230415329567020e-07
-3.7378239638742939e-07
1.0020413310870722e-07
2.0179133415220690e-08
-9.6887318776834054e-09
1.3190800453156821e-08
2.3746369151400010e-03
1.4179737585713986e-08
-1.1924650071287513e-03
-1.2932212869152012e-03
3.0785086996853669e-04
1.3953471096868643e-04
-4.2991634562897835e-05
-1.7419465720062443e-05
5.5172366330009238e-06
2.8058373169948772e-06
-7.7057517781315474e-07
-4.2653849694575956e-07
8.9291243343242774e-08
2.7252528325234074e-08
-1.0466126052847222e-08
1.1070770718202088e-08
2.3656106599858305e-03
1.4363818473075535e-08
-1.1795047225241812e-03
-1.2822612265006121e-03
2.9297544470489921e-04
1.4116831353524012e-04
-4.0506125728097992e-05
-1.9060286550257335e-05
5.1039165860425102e-06
3.0673595247464344e-06
-6.9387101081005532e-07
-4.6777708277132353e-07
7.9291204537241755e-08
3.2657483786888821e-08
-1.0992919498075637e-08
9.0123076913121373e-09
2.3544772204880174e-03
1.4158326980678105e-08
-1.1666583080512322e-03
-1.2712449588844486e-03
2.7948375678569500e-04
1.4263132354247287e-04
-3.8208596545657650e-05
-2.0443201239556808e-05
4.7171913534138398e-06
3.2809897437036770e-06
-6.2252122862288992e-07
-4.9944434076929284e-07
7.0194341242821733e-08
3.6731419989190623e-08
-1.1286769113249221e-08
7.0462317795961940e-09
2.3418783149166955e-03
1.3651026891841827e-08
-1.1540708675205386e-03
-1.2603561499522232e-03
2.6725471154204954e-04
1.4393175357833645e-04
-3.6090423362981013e-05
-2.1606041108469333e-05
4.3575426246971867e-06
3.4541751504429497e-06
-5.5666196586223146e-07
-5.2322289964923877e-07
6.1967317436773519e-08
3.9750717695071010e-08
-1.1372845024805726e-08
5.1995327418482535e-09
2.3283481762205495e-03
1.2921745530421964e-08
-1.1418623034550827e-03
-1.2497431832006437e-03
2.5618232160933875e-04
1.4507941951119593e-04
-3.4143313169634812e-05
-2.2581211275324048e-05
4.0249675113448144e-06
3.5933642389242919e-06
-4.9628774115827924e-07
-5.4055920430090580e-07
5.4563487482986581e-08
4.1936284913725605e-08
-1.1281002774213681e-08
3.4902443090533895e-09
2.3143324765938235e-03
1.2045971669206620e-08
-1.1301324175124678e-03
-1.2395254799029416e-03
2.4617356567467727e-04
1.4608520166310045e-04
-3.2359390307997653e-05
-2.3396550696940046e-05
3.7191207919606051e-06
3.7041183105373378e-06
-4.4129180285745699e-07
-5.5268670368141499e-07
4.7927671644055162e-08
4.3468372931283200e-08
-1.1044338460572079e-08
1.9328908276265418e-09
2.3002028484336232e-03
1.1083608232598324e-08
-1.1189649223746774e-03
-1.2297982602245368e-03
2.3714684704474612e-04
1.4696059864315113e-04
-3.0731279518996783e-05
-2.4075950605901974e-05
3.4394118420428328e-06
3.7912218413506845e-06
-3.9149742326009232e-07
-5.6065956341460849e-07
4.2004353315178094e-08
4.4490967770831187e-08
-1.0695026674100301e-08
5.3243502864269449e-10
2.2862689953041205e-03
1.0087484357487435e-08
-1.1084301727357364e-03
-1.2206360922911944e-03
2.2903061331257631e-04
1.4771723980432642e-04
-2.9252049317793939e-05
-2.4639901248730277e-05
3.1850862719249008e-06
3.8587954548419186e-06
-3.4668756353594834e-07
-5.6537067021345244e-07
3.6738348586858876e-08
4.5122289708248413e-08
-1.0264701762836347e-08
-7.0941287351574559e-10
2.2727872661067803e-03
9.0969004223047300e-09
-1.0985869726339217e-03
-1.2120960264511908e-03
2.2176216527301632e-04
1.4836650635471405e-04
-2.7915221084730716e-05
-2.5105981497431572e-05
2.9552988747548244e-06
3.9103843939011917e-06
-3.0661888258153867e-07
-5.6757668497708701e-07
3.2078432805982643e-08
4.5456356702045598e-08
-9.7815072029242452e-09
-1.7976342314908981e-09
2.2599677479962386e-03
8.1433067484721146e-09
-1.0894839635715900e-03
-1.2042209321384953e-03
2.1528671136840572e-04
1.4891939522382932e-04
-2.6714817827001533e-05
-2.5489269413093972e-05
2.7491608902226325e-06
3.9490219868124212e-06
-2.7104100541201251e-07
-5.6791323857378367e-07
2.7976566738423154e-08
4.5571070974157340e-08
-9.2715824640267352e-09
-2.7387930920949798e-09
2.2479812683413687e-03
7.2491595122169188e-09
-1.0811608590581203e-03
-1.1970422294796902e-03
2.0955650083581952e-04
1.4938636248945867e-04
-2.5645365034943522e-05
-2.5802658819543589e-05
2.5657818013432491e-06
3.9773029190777442e-06
-2.3970317444599337e-07
-5.6691426775402619e-07
2.4390052321407709e-08
4.5528518680017713e-08
-8.7567562581579525e-09
-3.5438064636309808e-09
2.2369663990065201e-03
6.4315330344166635e-09
-1.0736495797672890e-03
-1.1905825657454962e-03
2.0453020501495691e-04
1.4977715154925979e-04
-2.4701885304646794e-05
-2.6057124894392755e-05
2.4042948754214905e-06
3.9974343160793149e-06
-2.1236559730918921e-07
-5.6502460962662841e-07
2.1279693393588299e-08
4.5380473904338599e-08
-8.2558702241002608e-09
-4.2227840712505667e-09
2.2270334390589001e-03
5.7000840607760947e-09
-1.0669754064131418e-03
-1.1848582126595091e-03
2.0017239188631944e-04
1.5010068052082910e-04
-2.3879927258894806e-05
-2.6261963279758403e-05
2.2638835519166825e-06
4.0112774442852425e-06
-1.8880382779505846e-07
-5.6261344217061284e-07
1.8612585377419180e-08
4.5167556640948933e-08
-7.7846259688198203e-09
-4.7883714181567655e-09
2.2182715681115591e-03
5.0626361268789381e-09
-1.0611581545861360e-03
-1.1798809356044079e-03
1.9645291089272229e-04
1.5036490561201441e-04
-2.3175553256162774e-05
-2.6424980807856559e-05
2.1437966847171997e-06
4.0203901758456685e-06
-1.6881410953940410e-07
-5.5998360884888782e-07
1.6358254571071084e-08
4.4924419016632336e-08
-7.3553936026016204e-09
-5.2510817403552632e-09
2.2107517351387588e-03
4.5218166835434917e-09
-1.0562133067247720e-03
-1.1756591213570805e-03
1.9334644135332585e-04
1.5057674336207264e-04
-2.2585332357169731e-05
-2.6552652716176324e-05
2.0433647918320291e-06
4.0260688017295894e-06
-1.5221446565605995e-07
-5.5738198405616615e-07
1.4492331374173791e-08
4.4677200388978104e-08
-6.9779903902756663e-09
-5.6230806664163755e-09
2.2045296879980043e-03
4.0803007793758635e-09
-1.0521528994053542e-03
-1.1721988833301750e-03
1.9083220947244204e-04
1.5074206742304345e-04
-2.2106382452577699e-05
-2.6650258280674345e-05
1.9620060868258345e-06
4.0293582911537377e-06
-1.3884945043382247e-07
-5.5500467286811463e-07
1.2993337232652416e-08
4.4448334805256597e-08
-6.6601809408867448e-09
-5.9127646247665775e-09
2.1996485365694232e-03
3.7372856375568328e-09
-1.0489861060904791e-03
-1.1695042989689675e-03
1.8889355659302046e-04
1.5086567675794398e-04
-2.1736331364071063e-05
-2.6721983038706959e-05
1.8992376770584721e-06
4.0310885442512844e-06
-1.2858948874015376e-07
-5.5300579053802927e-07
1.1845033145694562e-08
4.4253522164409208e-08
-6.4076575662589623e-09
-6.1295110791188485e-09
2.1961405071937207e-03
3.4932001693402044e-09
-1.0467196158267745e-03
-1.1675779720196249e-03
1.8751772160416612e-04
1.5095129267273495e-04
-2.1473318538265402e-05
-2.6770998812929164e-05
1.8546778572733907e-06
4.0318898652331249e-06
-1.2133396035065047e-07
-5.5149863569586399e-07
1.1033719223481601e-08
4.4106287607993917e-08
-6.2245757108017909e-09
-6.2791496874590445e-09
2.1940272505043255e-03
3.3466047260382641e-09
-1.0453579704767352e-03
-1.1664216116590042e-03
1.8669577932142343e-04
1.5100159898198185e-04
-2.1316040893222684e-05
-2.6799531175241065e-05
1.8280528741245412e-06
4.0321975071653650e-06
-1.1700975920321087e-07
-5.5056369291386329e-07
1.0550943383356502e-08
4.4014155736526798e-08
-6.1136528945048088e-09
-6.3673994875505347e-09
2.1933212240920546e-03
3.2981751973406578e-09
-1.0449038038577005e-03
-1.1660360807129217e-03
1.8642240020472615e-04
1.5101819454523707e-04
-2.1263704121876886e-05
-2.6808896557144062e-05
1.8191960800170623e-06
4.0322694901034045e-06
-1.1557314190340202e-07
-5.5024683297152719e-07
1.0390404402420548e-08
4.3983243194614381e-08
-6.0765033656799448e-09
-6.3959856936117737e-09
5.0027017859992041e-03
4.5319244221083777e-05
2.6373513210665150e-02
-1.8294293902186009e-04
2.9541563598372271e-04
-6.5356960624561927e-05
-8.1106687445908784e-05
2.3383271091494600e-04
-1.1591334364468409e-04
-1.2598010964599038e-04
1.0648531592771588e-04
-3.0743684407655116e-05
-1.1637022531656639e-05
6.8531274255144539e-05
-3.4946484384616456e-05
-2.4377455835984326e-05
4.9727435943065831e-03
4.2837929848029950e-05
2.9027276296449494e-06
-1.8674300970113745e-04
2.9305481328284044e-04
-6.6410605232770472e-05
-7.7361788979585989e-05
2.3180734455756347e-04
-1.1574224394075124e-04
-1.2189528202688534e-04
1.0341291785379783e-04
-3.1988475857865196e-05
-9.8566294868242946e-06
6.6790856129848834e-05
-3.4270974352028445e-05
-2.2716956346611255e-05
4.8836896789782600e-03
3.5927866941835943e-05
1.1289617660580380e-05
-1.9755682206876545e-04
2.8580745231493758e-04
-6.9651967549357746e-05
-6.6396631530343028e-05
2.2561206339601723e-04
-1.1493851704990817e-04
-1.1002262928408423e-04
9.4467634909668733e-05
-3.5282957752261395e-05
-4.9798484701369813e-06
6.1659390261043452e-05
-3.2194445771582323e-05
-1.8124320821483750e-05
4.7379815765577231e-03
2.6072705287676518e-05
2.4257384988085121e-05
-2.1369533338293738e-04
2.7321789482849887e-04
-7.5256685517548406e-05
-4.9027468431354588e-05
2.1493527616841634e-04
-1.1272716168215140e-04
-9.1491026512126786e-05
8.0480749936772799e-05
-3.9442647902415962e-05
1.7331575353366094e-06
5.3465907604120112e-05
-2.8649734691302207e-05
-1.1663820991193211e-05
4.5396196030645973e-03
1.5344569604881685e-05
4.0489618663006957e-05
-2.3257127964582746e-04
2.5465858155222706e-04
-8.3323443783248134e-05
-2.6625326797600808e-05
1.9940727344001672e-04
-1.0811166575228607e-04
-6.8111524320691843e-05
6.2850513953244990e-05
-4.2906217540158724e-05
8.5948010628219338e-06
4.2899540469030835e-05
-2.3740478414920896e-05
-4.7829318971236003e-06
4.2940567335754930e-03
5.8321087849797038e-06
5.8497513722106412e-05
-2.5101769846623258e-04
2.2952594034115451e-04
-9.3662243592987441e-05
-1.0833445993362155e-06
1.7880637533056412e-04
-1.0023286517572120e-04
-4.2228569313108967e-05
4.3456123421766078e-05
-4.4226519374548557e-05
1.3994047870675738e-05
3.1059382909509007e-05
-1.7891365478761325e-05
1.1068586574205912e-06
4.0080433002182289e-03
-9.7979503912503226e-07
7.6883304489992562e-05
-2.6568345489387865e-04
1.9748870675948273e-04
-1.0563306066829147e-04
2.5308424676671462e-05
1.5329484323119971e-04
-8.8721272787763684e-05
-1.6455493994618002e-05
2.4416500008274488e-05
-4.2525860002988179e-05
1.6870578744153207e-05
1.9325964118172225e-05
-1.1831479324965918e-05
5.0432628807770592e-06
3.6894122955449500e-03
-4.6067032151727911e-06
9.4574138592553184e-05
-2.7345445441502472e-04
1.5873375484837184e-04
-1.1811344675187872e-04
5.0112234297871947e-05
1.2361194174726248e-04
-7.3927013716462657e-05
6.7008843250214751e-06
7.7146558736744808e-06
-3.7756127379812436e-05
1.6980291134750371e-05
9.0581078138870790e-06
-6.3893884525995632e-06
6.7524851731886068e-06
3.3467917388288063e-03
-5.5313112898511509e-06
1.1098146073286394e-04
-2.7184224137108019e-04
1.1413566449228263e-04
-1.2962958082827570e-04
7.1094863365505587e-05
9.1140598773894194e-05
-5.6932137547001129e-05
2.5257881367257195e-05
-5.2023933930100623e-06
-3.0669414902322182e-05
1.4850701033888712e-05
1.2393882160561131e-06
-2.2086198952387136e-06
6.6091355644797754e-06
2.9892360785427337e-03
-4.7824875452262912e-06
1.2605466276240213e-04
-2.5928334066549605e-04
6.5285502720272199e-05
-1.3862327053128335e-04
8.6600446540195300e-05
5.7791832594465990e-05
-3.9321973600263796e-05
3.8092381386972832e-05
-1.3697247975804063e-05
-2.2519329256786490e-05
1.1467112643062728e-05
-3.7561466813860867e-06
4.5277418470636421e-07
5.3563516263550573e-06
2.6257867147436494e-03
-3.4029963589312140e-06
1.4021916755806984e-04
-2.3530230880405774e-04
1.4352600674061739e-05
-1.4377481043116160e-04
9.5826308367351511e-05
2.5715149094013059e-05
-2.2793438586664365e-05
4.5072542401136265e-05
-1.7976999002876990e-05
-1.4627891294394961e-05
7.8558417236022092e-06
-6.1698526191366113e-06
1.7362381462287106e-06
3.7525284090256364e-06
2.2649971854147104e-03
-2.0964025997864338e-06
1.5421667162132568e-04
-2.0051140998653531e-04
-3.6195203542211828e-05
-1.4428054630986157e-04
9.8903279738290459e-05
-3.0825322756111326e-06
-8.7483576885212732e-06
4.6937757343429555e-05
-1.8883594978513992e-05
-8.0037547898944174e-06
4.7599076301076688e-06
-6.6541226439089430e-06
2.0334975574563729e-06
2.3229319436888472e-06
1.9144804806923903e-03
-1.1571081727913101e-06
1.6889213384897823e-04
-1.5645091208186222e-04
-8.3942543607453638e-05
-1.4000167625336819e-04
9.6754778935524618e-05
-2.7084654473842614e-05
1.9828816182755870e-06
4.4980748574845414e-05
-1.7546418527985053e-05
-3.1495323387656003e-06
2.5182634484326141e-06
-5.9831782390476491e-06
1.7862784145050038e-06
1.2936642496329013e-06
1.5805436366149277e-03
-5.9444871378142344e-07
1.8498452309515708e-04
-1.0530869104688279e-04
-1.2685750182868605e-04
-1.3144870360851557e-04
9.0794905150375196e-05
-4.5472259431677646e-05
9.2113435481028114e-06
4.0659154063583036e-05
-1.5048678490355879e-05
-8.3162448842538535e-08
1.1299891779823839e-06
-4.8187996188819481e-06
1.3423395840753172e-06
6.6560414747275104e-07
1.2679624193372790e-03
-2.9951079586648346e-07
2.0297190044642061e-04
-4.9583302041864369e-05
-1.6352253856738284e-04
-1.1962349093498162e-04
8.2576183214268820e-05
-5.8146976842151129e-05
1.3273309613283601e-05
3.5271353029182393e-05
-1.2216899371621757e-05
1.5011036283937030e-06
4.0521268410886153e-07
-3.6011014878137197e-06
9.0666187923655008e-07
3.3361312248270494e-07
9.7992009676244919e-04
-1.5751033270052036e-07
2.2299933499026202e-04
8.2396144717017113e-06
-1.9322388963948306e-04
-1.0578302611315844e-04
7.3494046202007387e-05
-6.5597199243138050e-05
1.4815766075991288e-05
2.9774522784469160e-05
-9.5587764364889086e-06
2.0390014962842386e-06
1.0704006650436996e-07
-2.5525156024569219e-06
5.6361911153301133e-07
1.7905451513333868e-07
7.1809959822043395e-04
-9.0158713532541669e-08
2.4488925310548376e-04
6.5942548511095512e-05
-2.1590488017273840e-04
-9.1200046943301725e-05
6.4610163634502209e-05
-6.8680743320055897e-05
1.4579900864467422e-05
2.4747384669720267e-05
-7.3085343416347728e-06
1.9478250533756578e-06
3.6753155014239595e-08
-1.7412738049457989e-06
3.2507961217568048e-07
1.1331677063566016e-07
4.8289073740982833e-04
-5.5697319934825833e-08
2.6821237769446315e-04
1.2173499497767276e-04
-2.3202433121026283e-04
-7.6978380092992176e-05
5.6600455087283863e-05
-6.8402434554435540e-05
1.3244116674312114e-05
2.0451097063308818e-05
-5.5173311525345168e-06
1.5502040332299831e-06
6.1763790639094646e-08
-1.1527689733586873e-06
1.7212700587972835e-07
8.4485587485878074e-08
2.7366128355194236e-04
-3.5511540189036267e-08
2.9238813970896784e-04
1.7431564748635625e-04
-2.4237468754252916e-04
-6.3948984190199422e-05
4.9794978098799576e-05
-6.5739540734953059e-05
1.1344012921654352e-05
1.6930083018831124e-05
-4.1402655563280321e-06
1.0581122087534382e-06
1.0897247765978058e-07
-7.4162428351845607e-07
7.9617000624918003e-08
6.7798255675523898e-08
8.9042969695888208e-05
-2.2301638079538750e-08
3.1678546792075405e-04
2.2285711754438910e-04
-2.4790725091365288e-04
-5.2642634999235636e-05
4.4264714693480261e-05
-6.1535216744511349e-05
9.2551903268891912e-06
1.4108823214086916e-05
-3.0977474211388443e-06
5.9052736011500774e-07
1.4602468919560378e-07
-4.6008358527645510e-07
2.6380104014439035e-08
5.3950973459288752e-08
-7.2804314171045858e-05
-1.3299893740846567e-08
3.4080462608459346e-04
2.6694076654518531e-04
-2.4959345788743949e-04
-4.3318007179226046e-05
3.9916907891050766e-05
-5.6454476565563405e-05
7.2130494240572712e-06
1.1863607606675809e-05
-2.3094805914846850e-06
2.0167125485453435e-07
1.6354043403535085e-07
-2.6912555552505740e-07
-2.5655557267128684e-09
4.0712867293569678e-08
-2.1397151960871459e-04
-7.2260395694338837e-09
3.6393209268970365e-04
3.0646824834248146e-04
-2.4833245209899895e-04
-3.6019257801688880e-05
3.6575685414249908e-05
-5.0984308873061058e-05
5.3468981754811209e-06
1.0066164458513570e-05
-1.7086394910561331e-06
-9.3249528129493444e-08
1.6284668125893997e-07
-1.4033081235919371e-07
-1.6955857010176407e-08
2.8320180981441402e-08
-3.3663031899770410e-04
-3.2463081128490749e-09
3.8576850271952593e-04
3.4157011062035047e-04
-2.4490161899668779e-04
-3.0641466764865833e-05
3.4039375297395636e-05
-4.5457988067317630e-05
3.7140816997365374e-06
8.6049649162017929e-06
-1.2448509889135227e-06
-2.9934363177357245e-07
1.4898533865450081e-07
-5.4157414551367090e-08
-2.2854517065051333e-08
1.7445742268693197e-08
-4.4291216759688695e-04
-7.3281760377429818e-10
4.0603471366764792e-04
3.7252421834396189e-04
-2.3993983985484495e-04
-2.6989878982784614e-05
3.2115356095626395e-05
-4.0088265582142459e-05
2.3276428776000025e-06
7.3921936398252418e-06
-8.8217698895907503e-07
-4.3028615517058958e-07
1.2731120356039278e-07
2.5300023199528959e-09
-2.3957131202261415e-08
8.5179570924225443e-09
-5.3482950274444450e-04
7.9385045552922908e-10
4.2456332397207571e-04
3.9968999284918796e-04
-2.3395176669901302e-04
-2.4826613783980661e-05
3.0637486157173327e-05
-3.4999941179080677e-05
1.1761263568345692e-06
6.3630414646784526e-06
-5.9563321039631596e-07
-5.0180224647076726e-07
1.0217803313807833e-07
3.8582621223961702e-08
-2.2492693696613302e-08
1.6212219239566871e-09
-6.1423020990525377e-04
1.6656550951849030e-09
4.4128190261737545e-04
4.2345964616723891e-04
-2.2732334223773989e-04
-2.3903646479584710e-05
2.9471906638693506e-05
-3.0257395245840998e-05
2.3645759529002906e-07
5.4717186839975920e-06
-3.6789194031569393e-07
-5.2852911506843788e-07
7.6660423449129849e-08
6.0073089404516376e-08
-1.9791992046518328e-08
-3.4157301886249024e-09
-6.8277644336049216e-04
2.0933861900881710e-09
4.5619297559547497e-04
4.4422481424444689e-04
-2.2034170889517814e-04
-2.3983853896973763e-05
2.8516072196098007e-05
-2.5885690849692747e-05
-5.1839302853628737e-07
4.6867405598414500e-06
-1.8671410983328167e-07
-5.2281275327969609e-07
5.2696347020735392e-08
7.1277229407559849e-08
-1.6633947486131857e-08
-6.8865797856366199e-09
-7.4194034772748164e-04
2.1997721206616499e-09
4.6935433625380508e-04
4.6235565133742970e-04
-2.1321528477567840e-04
-2.4852793915199029e-05
2.7694558492688382e-05
-2.1885615169061051e-05
-1.1152718957971139e-06
3.9866995325498327e-06
-4.3153028673049242e-08
-4.9451801099528234e-07
3.1356854303265860e-08
7.5282100232753977e-08
-1.3454654672303470e-08
-9.1176880252294016e-09
-7.9301062333232242e-04
2.0544075605104610e-09
4.8086147728257752e-04
4.7818937054793864e-04
-2.0609185392841091e-04
-2.6323905613576871e-05
2.6953863289105730e-05
-1.8243854126815192e-05
-1.5789115342844230e-06
3.3569727105695794e-06
6.9601280918425992e-08
-4.5127637418594049e-07
1.3112336596789762e-08
7.4354083345823927e-08
-1.0480820501996520e-08
-1.0412817607040773e-08
-8.3710556161445794e-04
1.7033764939798338e-09
4.9083278060667041e-04
4.9202546601605983e-04
-1.9907370173147962e-04
-2.8239488367100451e-05
2.6257401983759532e-05
-1.4939547755539125e-05
-1.9312236670557702e-06
2.7873904181920787e-06
1.5692792721201988e-07
-3.9887269805805957e-07
-1.9539307439755103e-09
7.0168473500332640e-08
-7.8128887374982556e-09
-1.1026154366399598e-08
-8.7518936247123170e-04
1.1831038302642338e-09
4.9939822303063960e-04
5.0412535607528136e-04
-1.9222966825654207e-04
-3.0469097081171399e-05
2.5581234146843242e-05
-1.1948360276298464e-05
-2.1911970046842904e-06
2.2706659925620424e-06
2.2319262567583940e-07
-3.4161673325305498e-07
-1.3991924971076607e-08
6.3957458581243526e-08
-5.4779027848057310e-09
-1.1155106527065865e-08
-9.0808965271896964e-04
5.3200784040725700e-10
5.0669098586059863e-04
5.1471470971971268e-04
-1.8560436719006161e-04
-3.2906738475042042e-05
2.4910644420238933e-05
-9.2449282699190089e-06
-2.3750582323607323e-06
1.8013639548200384e-06
2.7200756584068191e-07
-2.8265627488060547e-07
-2.3281664205540626e-08
5.6614683937664013e-08
-3.4628554769513480e-09
-1.0947705435124916e-08
-9.3651476563132174e-04
-2.0789317809716064e-10
5.1284160129894249e-04
5.2398717380352264e-04
-1.7922510210723836e-04
-3.5467661713696699e-05
2.4237498590061397e-05
-6.8043107809012760e-06
-2.4965600844220575e-06
1.3752270763462405e-06
3.0640390374218447e-07
-2.2423582404170689e-07
-3.0166403575138905e-08
4.8778730364286096e-08
-1.7393615263148000e-09
-1.0510671986667339e-08
-9.6107000988880859e-04
-9.9328481662649822e-10
5.1797441943579050e-04
5.3210852825064190e-04
-1.7310699664966605e-04
-3.8085153114705877e-05
2.3558252646072507e-05
-4.6027735977387830e-06
-2.5672855356878641e-06
9.8873584089569451e-07
3.2894855864506906e-07
-1.6790510715973513e-07
-3.5003267485417405e-08
4.0894047540166364e-08
-2.7301159954146625e-10
-9.9193435281550837e-09
-9.8227242429270033e-04
-1.7816228078675675e-09
5.2220558070574670e-04
5.3922077105087341e-04
-1.6725680187070678e-04
-4.0707591180320262e-05
2.2872465029424226e-05
-2.6181919335910071e-06
-2.5969594358502667e-06
6.3883525475471611e-07
3.4182617836018757e-07
-1.1469163092163436e-07
-3.8137077498538216e-08
3.3261619100751940e-08
9.6810596733165960e-10
-9.2259244422790160e-09
-1.0005639011312383e-03
-2.5349260536435780e-09
5.2564195511949421e-04
5.4544581119776432e-04
-1.6167570012762481e-04
-4.3295781235090967e-05
2.2181710699819568e-05
-8.3022538544357716e-07
-2.5937399820018133e-06
3.2277394744370492e-07
3.4689723386314514e-07
-6.5229775914866694e-08
-3.9882700367203775e-08
2.6073588586451056e-08
2.0127176448598001e-09
-8.4667154886021320e-09
-1.0163226786886451e-03
-3.2230935620122947e-09
5.2838095332289779e-04
5.5088868161380427e-04
-1.5636132732777102e-04
-4.5820583312373777e-05
2.1488776782937016e-05
7.7966637974180460e-07
-2.5644500458813125e-06
3.8010923376572340e-08
3.4573920868479835e-07
-1.9864830271851590e-08
-4.0519643870088625e-08
1.9442908303242329e-08
2.8842138791551560e-09
-7.6673723765597310e-09
-1.0298733168511449e-03
-3.8210920837299888e-09
5.3051072290377296e-04
5.5564030745762754e-04
-1.5130916924968897e-04
-4.8260808082064935e-05
2.0797087135572616e-05
2.2283010400279587e-06
-2.5147887244936095e-06
-2.1784083835188869e-07
3.3968703219922996e-07
2.1273619334336243e-08
-4.0288692386978350e-08
1.3424778153576065e-08
3.6014859294163703e-09
-6.8477216817105686e-09
-1.0414952524564871e-03
-4.3145021943099993e-09
5.3211042834111065e-04
5.5977987469787798e-04
-1.4651345752985089e-04
-5.0601565393338571e-05
2.0110297153505773e-05
3.5308844818245928e-06
-2.4495069086788123e-06
-4.4704956979250197e-07
3.2986681904437058e-07
5.8212477326809943e-08
-3.9393813759390764e-08
8.0348546146458370e-09
4.1801695706974803e-09
-6.0229314467375526e-09
-1.0514301718937840e-03
-4.6956435973520096e-09
5.3325102584855723e-04
5.6337683661616966e-04
-1.4196776603730261e-04
-5.2832806141497054e-05
1.9432021312060311e-05
4.7011853800778431e-06
-2.3725641876751600e-06
-6.5177955711303709e-07
3.1722341391938917e-07
9.1085207848013131e-08
-3.8005140769937603e-08
3.2618181007263204e-09
4.6347667374009829e-09
-5.2055308610392354e-09
-1.0598881952446028e-03
-4.9643972385873451e-09
5.3399591849286250e-04
5.6649257698543473e-04
-1.3766537227902838e-04
-5.4948247555303862e-05
1.8765684013693153e-05
5.7516878184625113e-06
-2.2872577121140496e-06
-8.3409316910178190e-07
3.0254625586974289e-07
1.2009890630913005e-07
-3.6262838880947888e-08
-9.2257884022843268e-10
4.9770604732593418e-09
-4.4057394583208186e-09
-1.0670531188612269e-03
-5.1257538069348506e-09
5.3440165943212695e-04
5.6918180517513250e-04
-1.3359947701764902e-04
-5.6944506730067231e-05
1.8114439537829866e-05
6.6937105347579330e-06
-2.1963322958330709e-06
-9.9594620740066487e-07
2.8648808201606038e-07
1.4550489104940868e-07
-3.4280266273755356e-08
-4.5570045066442543e-09
5.2195227486700580e-09
-3.6326473456197836e-09
-1.0730866162420340e-03
-5.1886648067644713e-09
5.3451886318341981e-04
5.7149362262081099e-04
-1.2976336270853603e-04
-5.8820401248894045e-05
1.7481132726869389e-05
7.5375369389410665e-06
-2.1020606951367467e-06
-1.1391838140708422e-06
2.6958511224744016e-07
1.6758203117486458e-07
-3.2147768892448031e-08
-7.6876582358093263e-09
5.3733088963170399e-09
-2.8935788727589298e-09
-1.0781318157312945e-03
-5.1644543811005394e-09
5.3439293344059073e-04
5.7347231528260525e-04
-1.2615049182096601e-04
-6.0576426546719655e-05
1.6868284369007852e-05
8.2925025722030798e-06
-2.0063165919670519e-06
-1.2655397462487210e-06
2.5227544310643707e-07
1.8662166081281811e-07
-2.9938550025764621e-08
-1.0362486807961183e-08
5.4496912628299593e-09
-2.1936488683778532e-09
-1.0823160246747924e-03
-5.0668152351690452e-09
5.3406471936651753e-04
5.7515795819387588e-04
-1.2275456141605233e-04
-6.2214322079197891e-05
1.6278088747419870e-05
8.9670706410302998e-06
-1.9106405281792089e-06
-1.3766369910856203e-06
2.3491262696225000e-07
2.0291621827835269e-07
-2.7708895252538681e-08
-1.2628878611978162e-08
5.4587097752969057e-09
-1.5377858143878851e-09
-1.0857530172857963e-03
-4.9092709725518625e-09
5.3357110066085134e-04
5.7658681243306789e-04
-1.1956955724514673e-04
-6.3736727081654108e-05
1.5712426566889695e-05
9.5689151963565522e-06
-1.8162896234968704e-06
-1.4739890955022568e-06
2.1777908959792089e-07
2.1675182641914672e-07
-2.5503262641971443e-08
-1.4532952213457623e-08
5.4115148198813918e-09
-9.2887872528969789e-10
-1.0885446673191996e-03
-4.7059612039877915e-09
5.3294550080308233e-04
5.7779164100568714e-04
-1.1658975550484992e-04
-6.5146864692564556e-05
1.5172876403068384e-05
1.0105005687633277e-05
-1.7242848689257091e-06
-1.5590009351170933e-06
2.0109672757883739e-07
2.2840390900314302e-07
-2.3355241010350968e-08
-1.6118563618320013e-08
5.3185696865033899e-09
-3.6903001012143276e-10
-1.0907823745667578e-03
-4.4698454287496846e-09
5.3221814996315441e-04
5.7880197945685068e-04
-1.1380969565914503e-04
-6.6448398440695379e-05
1.4660748545740765e-05
1.0581646940444621e-05
-1.6354470538785936e-06
-1.6329705961580402e-06
1.8503821121747967e-07
2.3813199825437000e-07
-2.1290048639171607e-08
-1.7425726421421786e-08
5.1896063927525370e-09
1.4070253388984830e-10
-1.0925481543527292e-03
-4.2094351037850556e-09
5.3141647565453892e-04
5.7964432956237385e-04
-1.1122420428812710e-04
-6.7645219115528354e-05
1.4177112921504983e-05
1.1004564288761094e-05
-1.5504325083738340e-06
-1.6970926532177027e-06
1.6973594086615924e-07
2.4617854478214700e-07
-1.9326388591314735e-08
-1.8492567588156699e-08
5.0326324786524733e-09
6.0179260036009927e-10
-1.0939153941784455e-03
-3.9378374316280214e-09
5.3056536550054898e-04
5.8034234689749290e-04
-1.0882839461652145e-04
-6.8741367203705388e-05
1.3722831227592350e-05
1.1378928418264096e-05
-1.4697598621225845e-06
-1.7524605006362552e-06
1.5528800817206271e-07
2.5276675563518994e-07
-1.7477436369326097e-08
-1.9352995272375392e-08
4.8563617637157292e-09
1.0144929901453275e-09
-1.0949495276624918e-03
-3.6635921667430757e-09
5.2968733415626715e-04
5.8091700466939022e-04
-1.0661766888918406e-04
-6.9740935203693396e-05
1.3298582849577255e-05
1.1709402432529460e-05
-1.3938323048225558e-06
-1.8000696710551981e-06
1.4176572689421177e-07
2.5810208628797083e-07
-1.5752200575780445e-08
-2.0038457135044925e-08
4.6671040570316860e-09
1.3808662267050277e-09
-1.0957085431504091e-03
-3.3939310081362461e-09
5.2880257922697995e-04
5.8138674557398767e-04
-1.0458773817017592e-04
-7.0647964435815202e-05
1.2904891707237685e-05
1.2000179688582046e-05
-1.3229577324196755e-06
-1.8408254113063703e-06
1.2921747558687868e-07
2.6237024324317561e-07
-1.4156383272036672e-08
-2.0576516176132512e-08
4.4721222389990888e-09
1.7036561394084373e-09
-1.0962436536999141e-03
-3.1335381976711939e-09
5.2792921335127383e-04
5.8176771743846938e-04
-1.0273463801496345e-04
-7.1466382154872319e-05
1.2542150484300246e-05
1.2255024917281026e-05
-1.2573711235772360e-06
-1.8755436044467238e-06
1.1767461603167933e-07
2.6573873139255472e-07
-1.2693417313320184e-08
-2.0990908900922920e-08
4.2772580386262794e-09
1.9851770828502590e-09
-1.0965996367797051e-03
-2.8872566850375786e-09
5.2708330712897429e-04
5.8207398508472506e-04
-1.0105470812696676e-04
-7.2199964988304167e-05
1.2210638719697902e-05
1.2477297895076892e-05
-1.1972409508384659e-06
-1.9049562284814885e-06
1.0715594721285258e-07
2.6835662772293732e-07
-1.1365245024409622e-08
-2.1304357280389917e-08
4.0863156946568871e-09
2.2293030418103406e-09
-1.0968156439743865e-03
-2.6590939378774896e-09
5.2627895153397220e-04
5.8231778005472345e-04
-9.9544628628394505e-05
-7.2852295807146979e-05
1.1910551163631363e-05
1.2669975710501515e-05
-1.1426889897121913e-06
-1.9297153299400494e-06
9.7668545630701543e-08
2.7035635040680953e-07
-1.0170655919806085e-08
-2.1536307946787505e-08
3.9034784940878628e-09
2.4376730783688019e-09
-1.0969255001315671e-03
-2.4503705008583945e-09
5.2552853592685545e-04
5.8250967098506150e-04
-9.8201417467874388e-05
-7.3426663168062645e-05
1.1642013255209799e-05
1.2835692252421989e-05
-1.0938003958459266e-06
-1.9503989510967558e-06
8.9212253930811397e-08
2.7185437080875438e-07
-9.1101323516318141e-09
-2.1702347823386414e-08
3.7322294947050733e-09
2.6159299613151708e-09
-1.0969583332892951e-03
-2.2646532517093127e-09
5.2484271187997595e-04
5.8265879089792398e-04
-9.7022411467380791e-05
-7.3926117684535616e-05
1.1405090078402987e-05
1.2976742993710962e-05
-1.0506268271800120e-06
-1.9675108674737637e-06
8.1784474793300048e-08
2.7295206540003168e-07
-8.1809801003476947e-09
-2.1817346077142282e-08
3.5762817975777030e-09
2.7645453981180608e-09
-1.0969391275775886e-03
-2.1026406965804770e-09
5.2423065515709642e-04
5.8277296928533674e-04
-9.6005282707679071e-05
-7.4353370299435413e-05
1.1199810062690035e-05
1.3095118267892007e-05
-1.0131963068209050e-06
-1.9814878104541910e-06
7.5374652492702978e-08
2.7373667609127879e-07
-7.3813858471748769e-09
-2.1893192020196367e-08
3.4378225263685579e-09
2.8877026540816709e-09
-1.0968887815094703e-03
-1.9644688043652248e-09
5.2370008081577626e-04
5.8285883551077245e-04
-9.5148024612352552e-05
-7.4710794163224042e-05
1.1026174959707996e-05
1.3192496365121694e-05
-9.8153099537107723e-07
-1.9927014532429584e-06
6.9972679682021255e-08
2.7428197544068224e-07
-6.7091789086565211e-09
-2.1940124953747845e-08
3.3178337270798537e-09
2.9875252601561352e-09
-1.0968247090474114e-03
-1.8508574990596681e-09
5.2325746973172689e-04
5.8292185140855067e-04
-9.4448924216773724e-05
-7.5000424844211250e-05
1.0884168831670488e-05
1.3270284687104242e-05
-9.5562632737959771e-07
-2.0014643083442646e-06
6.5570072283127453e-08
2.7464758661709761e-07
-6.1625112636403812e-09
-2.1968240577469475e-08
3.2183047443206075e-09
3.0667169459291119e-09
-1.0967606190956383e-03
-1.7615215063757899e-09
5.2290794364239044e-04
5.8296644837309514e-04
-9.3906619270650200e-05
-7.5223971125627242e-05
1.0773752789751569e-05
1.3329636617243216e-05
-9.3548574611863580e-07
-2.0080244183640695e-06
6.2157076410596313e-08
2.7488305000529854e-07
-5.7381992427804765e-09
-2.1982807461749377e-08
3.1400346900992401e-09
3.1248671470855942e-09
-1.0967073793960590e-03
-1.7022169973957912e-09
5.2265554745609469e-04
5.8299592089940957e-04
-9.3520023580985376e-05
-7.5382712981061375e-05
1.0694910330962011e-05
1.3371397777273789e-05
-9.2110269863670472e-07
-2.0125768854331552e-06
5.9726590901312444e-08
2.7502562043686337e-07
-5.4357256164330762e-09
-2.1989529635590269e-08
3.0838287652377692e-09
3.1652575092305911e-09
-1.0966725292673419e-03
-1.6615434686662333e-09
5.2250298380044464e-04
5.8301260963126164e-04
-9.3288347626808231e-05
-7.5477554964813724e-05
1.0647622170342691e-05
1.3396216985444842e-05
-9.1247440101155760e-07
-2.0152557706111947e-06
5.8272204188161599e-08
2.7509975854886225e-07
-5.2557518190706700e-09
-2.1990106011985954e-08
3.0530562807642497e-09
3.1911902928976863e-09
-1.0966602959268839e-03
-1.6372322779457035e-09
5.2245188826964214e-04
5.8301804914206892e-04
-9.3211170441103274e-05
-7.5509125496301595e-05
1.0631845291614242e-05
1.3404473539706429e-05
-9.0960921201153987e-07
-2.0161342451637824e-06
5.7784741356157844e-08
2.7512677451234837e-07
-5.1943967943177663e-09
-2.1989276082940693e-08
3.0346646321212589e-09
3.1995420994684373e-09
